20 6 50 0.4 2 2 2
N 36
-1.4308741311314046 0.40252845116047375 27.005562932711026 1.944360530217033 0.9950925794072644 0.5979620959209757
-0.9703122452115033 0.9554932841365157 27.263099920452476 2.1220823417260686 0.8815679506219425 1.2305419109076683
-1.1426609689478258 -0.03471412185081668 26.501037601125695 2.3859191017146997 1.7853210570244997 1.4572534560496513
-0.39171475529091826 1.1753042625058923 26.953989327654313 2.0856391462327935 0.7618763499023106 0.6577643199959329
-0.9653202123204767 0.7650214116948683 26.985203478353462 2.6180618041590464 1.0196677616369403 0.49744290721665535
-1.158850841789325 0.944834528088263 26.762795044507563 1.7604359841394621 0.8699569711266911 0.8170131597414797
-1.040013727063367 1.0528487136287232 27.200322524488374 2.2490639513720607 0.9316934664216481 0.4546018608049859
-0.03993406571723446 1.476617495405359 26.482971153752914 2.054340954122039 1.1364569914111033 1.4342760694750791
-0.7407868066815966 1.1018335063753655 27.059852200341634 2.9867444374975056 1.0969884162171222 0.5311384180311626
-0.916942075025971 1.23449314843363 26.967795502746185 2.7704373856928783 0.8897104236287416 0.2925147410182418
-1.4222152241551433 1.45019196430786 26.670869908566566 2.5300145069312965 0.7012597351210437 1.0325591369279357
-1.5366311247443827 0.5724840022980467 26.387164940762112 2.9736629274835362 1.09135083909523 1.7795321913716913
-1.5047220967045096 1.590035255801805 27.83740311539174 2.563526806655279 1.1890292853502464 1.0371629750633278
-0.8350723976489007 0.9623561445673969 27.81682963255622 3.050462490261358 0.9111523884894661 1.270021888945011
-0.2386395619733399 1.0000276480354444 26.91738409255668 3.0042233848678945 1.3589073731741304 1.2849653632142601
-1.76850352081205 1.3679115960229726 27.04896508791803 2.662556683683333 0.9491961516256081 1.0980080609900367
-0.38143973073081083 1.1297594011036272 27.365477174308456 2.905854167406289 0.3739626863075518 1.1662574602214466
-0.8109885251076212 0.7369286519345393 26.25538269104191 1.9111131481974812 1.4617377318755786 0.547247226077889
-1.249793493343762 1.3018467671845846 27.423651413220945 1.8475536644307833 0.9361070629935202 0.7073730954399325
-1.0318818201752487 1.7120757613214246 26.40088734014414 2.2810357624649207 1.1893019337904374 1.0923427928386285
-1.2613870268121465 0.7195592675376402 26.210943311625762 2.9606396232417747 0.45743113049536754 0.8198470130146079
-1.374654638653472 0.6543803159126914 27.104404849570102 2.1762957107958023 0.8404295675924357 0.4345292357819741
-0.8774633116435586 1.499033604246158 27.176262127177583 2.8331310502399907 1.2236324036254012 0.6058398942102285
-0.08758005715239925 1.083152592014165 27.414426830161702 2.4856116573792773 1.5915625719682231 1.671762343046031
-0.8170568890566721 0.8880175474188827 27.4805556922082 3.142458183430306 0.5473631979686341 1.159599879203786
-1.4282009541319305 1.4567550498122033 27.085140587348466 3.139291511772705 1.3505073933831928 1.613668776588047
-1.176737530994479 1.4745802443047098 26.579592824002948 1.938485297564225 1.2234757861887608 1.0454322957386377
-1.365693861459568 0.7385977747691395 26.676013007944835 2.325359846143256 0.9954834584512623 0.9646278755382585
-1.00898113000561 0.8678882687907667 26.666029305910442 2.4613659030166017 0.6754116126073448 0.8957524327451554
-0.38430602393914426 1.383679695074409 26.78877488911716 2.2676644975480564 1.4651877480800775 1.3981711047083927
-1.3285425638876056 1.0495731060772187 27.145216665166245 2.567366964496812 0.8793961403233417 0.8382660023980504
-0.8066658374951232 0.5980280097865434 27.301114945785613 2.5641983457109707 0.7513923000012064 1.0921668126238822
-0.9428132655698915 1.1202539068477657 27.074341510636163 2.147817360334069 1.4938003882315116 0.5377386433903575
-1.0739925496212588 0.840565672037137 26.930611805348978 2.388077628031376 0.7441491071118085 0.8970783560739761
-0.7318949355395765 1.209629915921862 26.974844648767146 2.618409236210102 1.3093902795908943 0.8018134443287516
-1.7391289750603707 0.12881826356127524 27.268143792334413 2.276058035951321 1.3043012553951605 1.2666462534183245
N 15
0.3263242411827795 1.123958398543043 9.436907743593883 16.590003416937897 1.0401402815709742 0.20691957823910012
-0.001293454498372315 0.9617095146855037 8.50323433682783 16.78645563885286 0.5914521141465835 -0.04661031131888749
0.5975706215474417 0.35320348234800814 9.015535364614292 16.328505122063376 1.4191541561706207 1.3262181684091
-0.27390983806047114 0.37349276837274636 9.047055302432495 16.489643810684278 0.7680616757050285 0.8122436786424067
0.6461095117305873 0.8984398146191981 8.72194188080451 15.956737984750117 0.3506794560798747 0.759531545373965
0.4944073868507094 0.6599995322429504 9.312837306587223 17.38243243609177 1.0750064924286775 1.2457352374756554
0.14244210741772811 0.48161004167161925 8.85175861523997 16.551256864419933 0.7646120208460344 0.7448933035137828
0.10332754150996443 0.5318953109710318 8.572236263216402 16.858294575568042 0.9070566946805292 1.0449599476990665
0.09915273377065559 0.432041809691197 9.008179381330464 16.98542047767844 1.0435628064705582 1.048889664967698
0.3943147744544543 0.7224236432129778 9.318657074269732 16.538060484543607 0.8980411109618688 1.534238858932871
0.515792262845232 0.019817353748513122 9.915298349014922 16.378510385026885 0.7113012743562808 0.0985900807761565
0.1419698954312349 0.7112767851688374 8.403782771260136 16.52136621486933 -0.2663065769787337 1.3393324441266006
0.8439949630827595 -0.10806459293405435 8.435887550221574 16.42720418540511 0.610884452426257 1.4338461719904345
0.4923050553720008 0.8292932926695662 9.11929780822908 16.648247993326937 1.5620404725918489 1.5919499059069047
0.635035906844307 1.4820709851071654 8.982866052365102 16.310342917246178 1.3364517869225434 0.5775862429858039
N 41
-0.12269162416519457 0.427219683395411 8.894637125569487 19.458071627423276 0.7625495202487895 0.6649482043156925
-0.10314219345270971 1.621257332090388 8.874405526725042 20.201135463329617 1.214616411795283 0.49296268681671307
-0.4912506362013577 0.5460246816369367 8.169985500633446 20.312988342885237 1.1078270419959253 0.61743463634381
0.13655519085617518 0.4553916813309618 9.428304399952097 19.936327154166342 0.8374617412625537 0.8693531395691416
-0.5869844097500145 0.5146180604755755 8.555808826799211 20.020672951005395 0.951885951126517 0.7753842041407665
-0.25491378127886466 1.2111280924517662 9.154434128231307 20.009888000276355 0.765317839236471 1.6555233345426736
0.14782004825175848 0.32416004561105644 8.656629780291157 20.146794409652415 1.0193633071409103 0.2648804039523329
-0.22012455854434998 0.7688919688893038 9.071206202663435 19.997189218281193 0.4947464492190306 0.5005588971916971
-0.48844538879830646 1.2667565427272738 9.530829228222206 20.079107305009273 0.5591848066769558 1.2609303560921212
0.39437923810965037 1.0382198343189937 8.873718007134036 19.058468565810404 1.3871592329598674 1.164769138106387
-0.03467624558197581 0.558256398813826 9.12389832370229 20.033512808160527 0.9553917049842391 1.0914139566194456
0.1428441609043385 0.9244223634070486 8.843239173566793 19.724619993747268 0.7571906432169422 0.4358235121926336
0.004523475222801221 0.36788542913968986 9.239253396208111 20.69849229690021 1.0104853148047699 0.3674956793103491
-0.11798109867559353 1.084863890448303 8.50694228520533 20.13840688204272 1.080376638767328 0.6295033036765232
-0.29157193590982866 -0.5959033001022597 8.92584306607997 20.205240482647472 1.045228929025327 1.3713305850118385
0.6440840021810428 1.5508885284184877 8.532521274418169 19.631687754382764 0.3971458307893465 0.6975300899808523
-0.5386269809870586 0.5296815501847648 9.282197020460332 20.276048438969482 1.421985895383126 1.3514964653459716
0.41536649977817786 0.6765264589119 9.329662954320819 20.13148647809508 0.9841226351408477 1.313059788267807
-0.20050316127103268 0.5061964247882147 9.318463273521667 19.6428104744283 0.7114837294944301 1.1282842152325578
0.1456212191539767 0.3048804541494109 9.210869100567002 20.178563085061867 0.8780944114612446 1.2726700590566102
0.261013539773951 -0.2882608003669359 8.634364610067431 20.192429660527697 0.6297769221603693 1.1388526804782522
0.1977411149299625 0.606415471498625 8.722858794974966 20.26427500254674 1.1853108749212387 0.7762473801570158
0.17770834309848882 0.2828290178973262 9.20872072734843 19.42476052303167 0.7860402826992626 1.6593398350107362
-0.0076393087216269084 0.13575355087245566 9.39589476979659 20.35092812664464 0.8300991149781248 1.7567216541546675
0.6056563487476242 0.5591835747849464 9.125653262844578 19.93975721362045 0.18404310744133479 1.483025180413976
-0.4521708183377824 0.784067393252081 8.775932330843668 20.143611617555372 1.1703879779835562 1.018859173460573
-0.07173967266663951 1.1939601307957162 8.492034961071663 20.131556978374462 1.1925871412987346 1.3789749624959344
-0.34905968416697 0.2572208693465082 8.7021035769474 19.840656606753086 1.0160183969445564 1.292869605093574
-0.04562233762927466 0.6853852821577276 8.685225236688494 19.73786329442243 0.9143815251752793 1.0979147446665485
-0.24438451376504483 0.3837639667278442 9.104697164857122 19.621202494752378 1.345994843225233 1.1534282302869774
0.5055419641648401 0.6255519641653564 8.8066013789424 20.065768740348272 1.3526120061394575 1.178441521394088
0.1621580769374259 0.466070925003757 10.216917964303493 20.756734953026942 0.8205905881849007 0.5554476742976852
0.14565273844924193 1.2760167266340137 8.788124659470107 19.98395125428975 1.1382836643687955 1.222566913014905
-0.41758449871162334 -0.0023870739010158903 9.272091062163456 18.93121779799358 0.8400581727900953 1.5249598292033717
-0.8827639263839535 0.19505160164019097 8.59507335609989 20.155734612198795 1.0139879050515284 1.5556523401773776
-0.8245800294856912 1.7433058333978484 7.579475188525995 19.393880758711745 0.7591655509340233 1.4317834750422214
-0.48980450389200664 0.8748429698757978 8.83732508918762 19.858345323306658 1.5583290087171764 1.4856409801262926
-0.2567568951742349 0.4742081888171903 8.991822696273923 20.381248325863847 0.8732354164258522 1.9399916619950273
-0.5075872660730198 1.2732947118511182 9.119692824636038 19.95655797990811 0.7976012075874326 0.867773618100703
0.168145897770265 0.6991779883562947 8.500471616041509 19.584034478118294 1.2064893815190734 1.6165438564682524
-0.539419134183477 0.7115832210055407 8.544925092927599 19.415148207043483 0.9448570671600011 1.1956261642629966
N 10
0.3097235680264545 1.7699060050184003 2.8792161064050124 2.4893723902616416 1.1354054203420336 1.0403202758916115
0.2664039787847578 1.5506004792786199 2.0796901198742166 3.0008729275092767 0.9530463277197178 1.04676550325095
1.2258547364811423 1.4545883659668943 2.047409739580865 4.009785790560196 0.6824247052935646 0.8416300237450163
0.6076073055900586 0.8839850329275235 1.885654440821222 3.5255548900978795 1.0735214401869393 0.5462648211528724
-0.02835256015149057 1.465921725408019 2.7105720693358775 3.1666290738411758 0.6976732041618063 1.3479467802219283
0.6198543716904439 0.7912527653941386 2.446454333908476 3.834210551063544 0.7059620068685803 0.22239382902676919
0.579305671187973 1.0957550770302713 2.8983573456571454 3.5747278590535334 1.0777393986462687 1.2881643566182768
-0.26955287566112796 1.538784134403409 2.668099105078483 2.8810631515613725 0.34948594889625606 1.0098166243709088
0.3911190111284071 1.6266929860216561 2.9311091714601276 2.591306854232541 0.6531053887074723 0.9782858829573003
0.6849490412850536 1.2515656575817757 2.166067235402235 3.8231435367407998 1.4532657915515308 0.5453705640802604
N 19
-1.2881241474335998 -0.23099904239564434 7.061107507342672 29.580040861598093 0.7478474042219677 0.9198539105229406
-1.9525461408556426 0.06290756652379914 7.671514411796253 29.28895553785419 0.910658344233692 0.7918682299705373
-1.7652742661433305 0.38278448208455024 7.484109710878554 29.335187049913262 0.5432805846318767 1.046801833322252
-2.3257099238125694 -0.09549469879814662 6.8527341062951805 29.988395846398472 1.1587883345106713 0.648798615308338
-1.9441090632441478 0.23308699785306647 7.393083839741828 29.384956532388134 1.2227723570928128 1.0409655400569164
-1.3537262752449526 0.42382692174202286 6.536987201703239 29.248611963743755 1.1818177696132754 0.682754447043691
-1.028197682650323 0.31522935606752717 7.185139697282576 29.046303955531776 0.9722204607296968 1.1490344614375507
-1.7781680160636648 0.25492225520475165 7.356760701613823 29.478681602011942 1.0564854177459897 0.7763857774836308
-1.1301894445486014 0.005572223108643623 6.665768345206999 29.594849812151306 0.9793571586574163 1.4619694661491802
-1.0661056943743565 0.14644952564845817 6.674013872459269 29.281004308944095 0.1763937587854616 1.0870420525685314
-1.2176583780518473 0.29389524261388544 6.976557215561632 29.875958828765512 1.2699185026966233 0.7909568636475169
-1.5926217941324785 -0.5386870779520805 7.674437176530666 30.807140382454843 0.975686738559477 0.7891477961162546
-1.8500722617642866 0.14324285199167713 7.436159318399593 28.99997275843002 0.9070503083234727 0.9695319771543424
-1.4113867148170995 0.3432098575317664 6.742594146857174 29.511296477478126 0.5792846785095498 0.4174531106151341
-1.1891157552835085 -0.3615196944268949 6.82108160597902 29.651603220952364 1.7121111096451513 0.5546152932576112
-1.3270335886605098 0.18459141338529217 6.643993308918944 29.97006029099641 1.153034127025501 1.1539348559783031
-1.7006662803078871 -0.2701192251783464 7.182053894984945 29.72462285730293 1.1271178775430148 1.0528647382578162
-1.777662179749981 0.1284538106149437 7.362603010478293 29.999866265153496 0.5981954401511866 1.6093548111883391
-1.5974252555137851 0.6365300485664313 7.465841541216971 30.594433578361524 1.2331735291593364 1.1819516493865954
N 41
0.16171002227705916 1.852566633016113 12.98258748248956 11.538791617865133 1.8649556433823788 1.127198805158448
-0.1239101245470142 1.96471896768517 12.582295547164891 11.751103134821557 0.5962809156335551 1.23793071286598
-0.37501258010083494 2.515090267106567 12.705587480546974 12.452841691563695 1.108982765873518 1.5405188963694436
-0.8808408727301094 2.0517971662936385 12.503786143705188 13.000023878412012 1.1320433840080282 1.0063582053062787
0.2587490472470975 2.282720150449942 12.865203391075518 11.398296418879717 0.9798828715487994 0.8887222250742545
0.11484139662243431 2.1261358298278683 12.19174821644568 12.187665823226054 0.46242980492540287 -0.24076896061159025
-0.5078212045099448 1.9858871536477205 11.861981057391386 12.444747532591272 0.6811029792361158 1.0069128363772424
-0.5166844902843578 2.6144720969986 12.214233676400248 11.833055410398144 0.6532583784906443 0.6765292815986051
-0.24690740962943694 1.9724153075477546 13.157087357617469 12.527624892280134 1.2357262077921631 1.2952334831123733
-0.39252332423565056 2.4190877431605884 12.341636306132202 11.82590331613777 0.7395682701395417 1.1020897202800208
-0.4603522079680709 1.5584885176383647 12.799591068830898 11.696354172814875 1.8225966744334976 1.2217193556635504
-0.5696816387745993 1.5620634426504783 12.6235883845003 11.500135116139882 1.0189149928817094 0.23397041315358746
-0.3601658764634821 2.64459835692848 12.836405534280017 11.972069151710695 1.0546245053824843 1.3524096601165752
0.2960298968242127 1.97256600050277 12.68399331354392 12.235126913131946 1.2403632020218127 1.1989366485453319
-0.4346830884281172 2.7415081394929106 12.96430591253786 12.054879212115209 1.0994053793221705 1.1768766795039882
-0.09064376578100797 2.2185349500597646 12.84679873229182 11.806744747477198 0.6474494584476915 0.8468162752753579
-0.5374034093591749 2.5716119186800857 12.321480206674632 11.23542843868104 0.47307349098587415 0.7069105972734675
-0.4487530825971306 2.6562430619674298 12.68304031187899 12.723293308322795 0.597470931238679 1.2639274216505747
-1.077020852810684 2.05376978505177 12.424551099505527 12.401025967459285 1.0427346634102075 1.5840231182277928
0.03693792667028284 2.419862562350277 12.38487547820029 12.602255439701706 0.9427807032999225 1.80786020417517
-0.2801150507800638 1.9570158629956895 13.080647464768248 12.649900719619808 0.8602105333877983 0.47756642961675866
-0.6053342411852982 1.6256804732380563 12.820013112144709 11.541415616041416 1.0919291697965519 0.7192515719787986
-1.1437914081645657 2.5788741525693015 12.77598831580586 12.94432226762308 1.0456912835415164 0.7028655749876149
-0.05181422495604887 2.3255129735678057 12.124386941173443 12.097887387111015 1.377096482234614 0.2240602956472436
-0.8152215444421786 2.866175922158468 12.850423625370393 12.294161632470965 1.269287972958134 1.1288701064195132
-0.09884478161024407 3.049225110587019 12.929815763843186 12.299956010040194 1.0214337134986318 0.5651666960251799
-0.7032241110338662 3.097307766620738 12.420207473053816 11.960408335584782 0.8534881835152257 0.5449326592595882
-0.046400779974206 2.39171806519465 12.228234376587137 11.775049505482496 1.1494149131348257 1.043911195249736
-0.6134542661859523 1.8980267451419204 12.711788263722067 11.048657793267425 0.6822137835993557 1.1616541322929037
0.009781449470191661 2.133920208667729 12.351212999470638 11.391018377413358 0.900287576181845 -0.14391242788769654
-0.1870170534152526 2.0488608843751566 13.148241286925499 11.955675567784999 0.9092475537097977 0.8760856467902361
-0.7512780254489277 2.602420141956856 13.000340677697677 12.192044474320904 0.8120355385432457 0.5892044083076106
-0.8279066407078264 2.7451702428323013 13.245738708082998 11.688561912833467 0.6668044874374388 0.3951615201432722
-0.7096568252407147 2.609909399488118 12.394215366498308 11.423466346232662 1.0075361738538888 0.8827756983577643
-0.6168134691771858 1.6607200101300985 12.972967994067824 11.774342334256927 0.8966354581804623 0.6012813315361724
-0.874959670335627 3.0982332338672487 12.359617685288038 12.20808044846833 1.2056720691328269 0.27992947026495396
-0.5724610427583263 2.1454174587175974 12.819141884506589 12.185405444543841 0.20365454907109137 0.8217432051078162
0.43711972440082053 2.2150410824257256 12.11371543543183 12.127299095602051 1.755467224308386 1.0206397039822686
-0.21739639385413007 2.3921967438443303 12.414284193219345 11.99769275584033 1.0937181107243021 1.012309713233329
-0.5778701501846585 2.2599037350391598 12.703123440857615 12.056542646745902 0.7709400410047897 1.1699848501391572
-0.5451281874764425 2.1550575338452562 12.095527988347312 12.067556494119263 0.7053197063603798 0.8531926102926283
N 46
-0.2199889850570477 0.2028395953981326 2.9360190641849613 20.499879411914478 0.9455393429676745 0.9160516956799726
0.5234917139864055 -0.4441943319307755 3.2210840600533626 20.021383033012725 1.2870861002847362 1.158955489941316
-0.24580194147185458 -0.27280694477385764 2.300625815674535 20.65556897942517 0.9711466313010222 0.9415051470657584
-0.48161974733391866 0.1814620090768211 4.025297239011974 20.263064055168815 0.6799204299454874 0.8781892610257459
-0.3534486311998063 0.5835685155357088 2.755009924362585 20.669036407457398 0.7185904980487767 0.7995060218346818
0.19483298547985498 0.3318827742665629 3.3194931738763813 20.360082853568386 1.397727396150031 0.6356722378307949
0.5744301713254762 0.16324149359723047 2.768097793365702 20.31987521849407 0.4489360822981875 0.6418796621579218
0.8204842332542229 0.10273741321878406 2.9500672326107775 20.284589390668767 0.5226643615632962 0.579836581504528
-0.3969709291640107 0.21948980270537014 2.24888460383369 20.83224725632694 1.0252654410074378 1.288684388801855
0.6242189074141019 -0.079136847969626 3.1483506756831763 20.833394629151393 0.8957847528539821 1.6612640975133801
-0.3357140167739733 -0.25794383162015955 2.7729335170078655 20.393983277942606 0.6347381217423261 0.6706163357734698
-0.3101399586409487 -0.15660313900916226 3.1268523169575193 19.924774455401916 0.9859199616051768 0.7190166942094822
0.9501042695652034 0.24666657697334382 2.627414745819778 20.213506996680383 0.8855687449479469 0.8023156362914006
0.5098919221481035 0.23501807671185526 1.8450133307721752 19.500028523996185 1.0386977745599213 0.5093081684677959
-0.2968490905896799 0.1879896969053356 3.7262151183449292 19.788983961130995 0.8839721467603505 0.7261742806504248
-0.08220016439188052 -0.1636283478265055 2.6299426862417143 19.8857947741854 1.3778004961838832 0.6051193085668799
0.28993516349788184 0.5625193435233837 2.953612888270669 19.837765018214334 0.6840553499329571 0.7194907050092452
0.36769859811801553 0.05278917882174681 2.9415779239146342 20.467364329160006 1.4557305239989653 0.6805931837204623
0.2469375383856906 0.107559199967369 2.1141095940792987 20.63841007724387 0.466596631064394 0.016211325508738383
-0.6062056320053367 0.501294838169968 2.7161275460316503 20.87037678920871 0.5689489201778927 1.2118398895152684
-0.5826411985660132 0.08289067714472322 1.8129340584574511 20.071231290539696 0.7916832986172364 0.8547318057721119
-0.16927000111327206 -0.034117041283689746 2.7151478433266725 20.231486705546782 1.5167031883602928 1.1730618352257487
-0.19772502132147496 -0.07103475605464886 2.4710270442062283 21.166258346967194 0.9258428603376267 0.3524774966190569
0.16657794662326025 0.5632850354429787 2.934853488668083 20.579790811725207 0.835393375772729 1.596255846949314
0.09607021940082752 -0.46018247911637244 2.675359022752692 20.167337625101887 1.190658788314225 0.9588788422929223
0.14650618254717618 -0.16022684515329083 2.9902284822420926 19.9819559776419 1.16119804009056 1.1899375061499025
-0.4092318835876375 0.3830205978425118 2.173194404098008 19.646185907103607 0.8231048706739124 1.4727680968106562
0.17482395466490808 -0.8616414963516829 2.890702750902931 20.540030905496582 1.488561077269714 1.2977000833285381
-0.0928893937968021 -0.45466064848333804 2.0613080847739926 20.083594515180906 1.2562964260454421 1.421290078579217
-0.4763439345460594 -0.386838603408253 2.74667553085865 20.136701004658534 1.437802597297408 0.8720307000099738
0.20582347971494852 -0.1784483646867271 2.8278945645379343 20.0855914010335 1.216564060460982 1.084356721175936
-0.626316459200989 0.3559316835917785 2.947720313801963 20.115677335954363 1.8946734685348534 0.8294192505158999
0.3908619830494845 -0.15051252560528372 2.4692148612085028 19.88620939204538 1.0737660147519321 1.1080050610508578
0.1070672080836094 0.5505880438043479 2.9519986818526114 20.441075940540582 1.9090696040663233 1.5365067243251298
-0.38884598771702134 -0.6137234429654878 4.0385542976407685 20.0350389845686 1.1815424274105866 1.4419221562056619
0.7247513291621521 0.7515426555356135 2.508670202218012 20.144573704301013 0.7737340395422879 1.3280526110884119
0.08283971409354159 -0.32030397764858803 2.6439122016519425 19.95673206000075 1.214024650079764 1.129320802480467
-0.17724108026551166 0.1915824753490234 3.2781505905459616 19.924531788979273 1.3347907611358005 1.2902654414841879
-0.5478180369738679 0.5625292956053055 2.346674593612285 20.54999711024456 0.7259832811103699 1.3632084751586704
-0.35056929148898397 0.11067289754468371 2.4012099282939534 20.365851973639074 0.5888188180233235 0.43414100132942335
0.6302245579042076 -0.05578697540439681 2.471673197615608 20.336302455038506 1.340285820823723 1.4516684433567018
-0.39634316116718804 0.7391241518277075 2.5611350627913163 20.186028630813247 1.8487089554599512 0.6380186268565491
-0.13041739172920536 0.41810144368865926 2.7809758034686363 20.063070934588243 1.0130464498642682 1.5077950179406188
0.37981554720463756 0.10310872073887842 2.602478497512164 19.56434563164067 1.6017694989260747 1.2468248109514208
0.4609863343328329 -0.010111820056667338 3.0133664609981716 20.481622960958017 1.3758803120455712 0.6432866957273796
0.21778652079525165 0.13047983399736318 2.158005231072023 19.760338060312666 0.7136565173496803 0.8104398918084768
N 27
0.1465910111252985 2.0744008109381147 27.504441091214748 17.379467679141502 0.38210598083771763 0.2550205623854386
-0.8822922554634817 1.7591201871154516 27.08646471609505 17.83639812428734 1.1849211462763911 0.9851665660751223
-0.6674408880537599 1.3226806455204312 26.52545603317861 16.980968388466525 1.1294435178858022 1.3935850681554391
-0.7636546445057733 0.9683284088287439 26.18959872545971 16.90763093393157 0.9697392001466548 1.1907627041300324
0.8750679175672323 1.959663306075431 27.14084798591432 17.44250488434992 1.1436017036582613 0.7728384792817576
-0.2881021619205471 2.6211918562567957 27.198840676921158 17.790121957640093 0.2991437779659407 1.73649542737499
-1.1348182099746529 1.4937219860173776 26.55857087510809 17.35052543410403 1.3326620100689734 1.4208901490564592
0.055806095680492995 2.2654035764886205 26.30577805003022 17.50598265891372 1.259949736263744 0.7818477412052197
-0.665461930517707 1.6909360900001833 26.311656790408705 17.36199671424902 1.306982313396154 1.084349351111245
-0.13714091005508044 1.7183718195829172 26.556162195234656 17.608291723380212 1.4658633279422355 1.0766090061862916
-0.3546082734410377 1.535388255351577 27.190941031138294 16.84306764729411 1.5977927152712803 1.6114466307153692
-0.5407105537812038 1.8059094481551417 26.62914595352532 17.568732921814252 1.2535152594695096 1.1461231176507023
-0.1540347964739352 1.4506090136544443 27.312755266183867 16.98230825465593 1.3573521942399869 0.9317145513051758
-0.09167009054715305 1.3116336020289094 27.053396227059576 17.448691466670503 0.5739554599995672 0.7137469785982711
-0.42293920220822767 1.7625533722935516 26.697958445549343 17.118610847233413 0.9899834035760658 1.2235841010889799
-0.2803602290639119 1.8957492995279055 26.528771807626278 17.38505275266687 0.6549843861839648 0.6575441540983433
-0.3123676399066667 1.653683885316843 26.556195831782922 18.183964129432663 1.6941920853519508 1.4586304701692843
0.12794164373965766 1.1298351915541769 27.39680057289671 18.211124032631766 1.1905623329629464 1.7284303120026756
-0.08754977333707126 1.3918725825326974 26.524480709023933 17.267884636590182 1.4695377549143886 0.9554474138669269
-0.26245331245165243 1.0290497857333785 27.53681094788245 18.117313830791204 1.8350534616801302 1.0123553130334106
-1.0202471333869743 1.381649089777494 26.69046320371826 17.57008227118207 0.9817580099373451 1.3343332623066135
-0.2123578486375502 2.2114230437260822 27.040229262546916 16.71699703546458 0.74372000391445 0.8707843807024962
-0.21714455129972965 0.7311061004420905 27.252479183481064 17.116826721750012 0.5690057985628689 0.6212144752125943
0.07444538910383758 1.8201537085561046 27.284538826639128 17.04673318847974 0.9080377805763477 1.0620501265458635
-0.19174086856790667 1.9586517340789036 25.890627434785735 17.368474713491405 1.0161215097607477 0.6803043696746058
-0.3859688293542965 1.9045260334303475 27.06236065065784 17.553149232898523 0.7634923101847004 0.8180793373679556
-0.0896281076575394 1.3644480896823277 26.544773290806518 17.388144481070853 1.4288929788794569 0.9012890180397741
N 41
2.8694278177260832 1.4333565702406865 25.177314291520002 15.579083142685702 1.5816217085986457 0.9651375895665724
2.300156977026831 1.546127359518397 25.501448166937795 16.383962141226423 1.146001160805726 1.0596259613066246
2.595322649112522 0.7956696090837072 25.642049175238412 16.730042967403286 0.3870514362506695 0.4485759790866669
2.3898426164968716 0.9652531075199892 24.914667515215186 16.820671438098497 1.1649229757116681 1.4985743751966196
2.2891036096244513 1.49871201922273 25.264445419240154 17.00869514995435 0.7362986580801557 1.094180798163248
2.789324137505081 2.4675619560007367 25.26005135427544 16.54212744363959 1.0131205929162044 1.0529256804986717
1.7288166978053376 1.2774874031246535 26.19629817133971 16.748863058670562 1.034589589106925 1.0024135422414626
2.1523895467363356 1.508936482874462 25.49828280305504 15.574051418724844 0.7686896399317151 0.9429982419102809
1.9396622099327683 1.4804395052988395 25.057140988111904 15.716825057672825 1.4233931042317316 0.9547038673584101
1.8907595054723578 1.9238825809169169 25.493161100115337 16.4158444477775 0.8045298663564371 0.9561037991610207
2.4356974814012133 1.6241129372152885 25.84345407809018 16.894361819421082 0.9332064246978877 1.2233184908552008
1.7414902827358305 1.4019779116357258 25.82804300064389 16.833782969172084 0.9218237462123267 1.5671086481111067
2.32082486940902 1.9498752412760347 25.226488073352826 16.778338057592038 0.8001999056134756 0.579269537000752
2.558835475590339 0.8845680565869574 26.247811633299392 16.57964201826366 1.5964856717466598 1.0225697589039122
2.2683880447320783 1.757453489555571 24.94171783924368 17.2308565974071 1.7166048923539452 1.0556626436104146
2.4727307682732262 1.7832443214349156 25.74223349305233 16.563707204416573 1.4642553923976627 0.3949360861098291
2.0033849020383783 1.250331548988923 25.186192909684834 16.583082992751358 1.5089850609037914 1.0009900054089962
2.59964173116742 1.7362711118821765 26.001866793835184 15.866036096041404 1.008802049130454 0.796189472798605
1.5368099226476533 1.459866137732968 26.18267637421577 17.090970802923746 1.0444891469690631 1.0377962967719139
1.539792023296604 2.3169526201732102 25.79490104540865 16.424392902821968 0.7964833676004005 0.456702663460285
1.4296721660936007 1.1068299115850273 25.319434368715783 16.1891498660875 1.0511685856514754 1.009770445091631
2.34382145728986 1.4759411477337945 24.957319175828236 17.13135791449414 1.0135076774415934 0.5742501143144407
2.511735364812218 1.4073072583231085 26.02871634772992 16.392623283663422 0.5540364766133246 0.2575788655824043
1.427836251827692 1.516749892546525 24.75857520114779 15.912849387767745 0.4940429535965234 0.9880246599027128
2.324950241526542 1.5558697203940213 25.156529354801688 15.355968980129736 1.0146386250694517 1.59910523150209
2.4551567005606554 1.601250442193028 25.037946097173812 16.765232524682425 0.7846234783519411 -0.24537322929650696
2.189483323142376 1.6524258359105093 25.400281288090515 16.119541149026954 0.8835866528774222 0.6316383057137166
2.297140407625051 1.1040328177879795 25.723705166412294 16.090954912301925 1.3027845454948843 0.7657980737150646
1.9618051318458032 1.181201174410482 25.1149629236583 16.193370259146413 0.6478867899577692 0.9185784078756583
2.2659525506810954 2.0783188664815864 24.943336456727437 16.739149744408692 0.3977414703154284 0.8144793505005236
2.780639252795843 1.6077518640951953 25.406194652996277 16.496557996450797 1.7741806342932778 0.9968659136247957
2.4531163849101882 1.6425161163287316 25.157520408033804 15.916196131103721 1.078682533588993 1.1128488492862414
2.1904608412499393 1.934846440844192 25.682856455063366 16.897023200946766 1.1471749025589748 0.9337736361693543
1.8188990166442933 1.2938555363518227 25.573928844639127 17.22375094768699 0.71372945766905 0.2987062842856706
2.4831056552222557 1.752507538856829 25.306569411669503 16.941089031220063 1.0761700673153742 1.9159682091269294
2.7523780343746345 1.1832965256991335 25.41582091837159 16.52391703196616 0.48768019319124095 1.0841587202518972
2.5610475284080962 1.284217804409025 26.447575823821044 16.27652891768461 1.544002771442149 0.07427494287896075
2.024518799779743 1.7101053343404504 25.86183344880484 16.13459591516616 1.2946362897577959 1.2088423292999133
1.2575172411161126 1.2904092014968251 25.507836130153457 16.64862718787304 1.6138654947196613 1.1171279327239954
2.070175452071825 0.7349875626349917 24.95679943215142 16.34314689428607 0.6589804617084621 0.15216526500227578
2.13889020832273 1.3791777508055756 25.28508951795346 16.62649419367821 1.439177045519949 0.21784071704306596
N 38
-0.36700299843443596 2.6238664230610755 38.78309497531077 51.23107254423071 0.9518024071704065 0.8647036383577006
-0.3607110815684197 3.082449763316902 37.97401753685808 51.377688042107046 0.5709352030756978 0.44724684458152375
0.489899454188651 2.4794917976005943 38.513656946766346 51.9384107942898 0.29261441464194704 0.8686209329491049
-0.08446187641246511 2.4290854699986517 38.63887381893118 52.03224866798284 1.3040238733398104 1.366959807926675
0.83345450039846 2.359614797574598 38.283551509922816 51.62772741154792 0.18030977181410612 0.8005204762819805
-0.05691705423904908 2.5147379088849875 37.978605084048596 51.28519406643109 1.0810388549539214 0.4583098781422843
0.27604819304440825 3.135774981496486 38.419694951825576 51.49347026254065 0.6252267710525996 0.3459455987895743
0.30979752561200197 2.6866690432420857 38.876961081405454 50.37885029491776 0.3981068136257182 1.4567623412969795
0.2601271583912519 2.958890365125206 38.68873922005814 51.797422215450254 0.6777049637871574 0.6833074898312874
-0.09794451220122491 2.6388211269761586 38.1020397997278 51.37707889652591 0.45837197596330403 0.818839672489245
-0.4097434717531899 1.9984826177281256 38.2609974406195 51.793311044491475 0.1944033238200601 0.5206942766228737
-0.04119879031639384 2.0659347393517424 38.64107283266188 51.81939045441283 1.1363650065255197 1.3909214473427096
0.6459197015612905 2.3122359922246374 38.43099983396949 50.48555003300773 0.7621032280158084 1.0066346486244067
0.44790512900634905 2.8098797975946685 38.881813780789464 50.54725560424988 1.490307628619349 1.4167397312183134
0.6285463618965628 2.884158288584056 38.42144227337059 51.07855587235166 1.015684057746165 1.3741498331919708
-0.0010226523540090293 2.4545865551150348 38.47016464302078 51.13617038052303 1.2358740997163298 0.9858369059705963
0.14699846322220017 3.026654174241238 38.32693122998785 51.317209009796024 0.5994161807233545 0.46228418486628
0.2339315321751496 2.196536701236375 39.092108116147564 51.15591700300212 0.5836645471490127 1.469573653496749
0.3137737404539175 2.7659005480487466 38.5818088430262 50.689581821295526 1.4951444669129916 0.6548721600895524
0.7596407277821188 2.3706385183912984 38.88296223589579 51.59347253095656 1.2810210443952053 0.5517019165556023
0.07026762323109531 2.0888773585242655 38.95482528072976 51.72885465538554 1.2351117136546277 1.3606581569701828
0.7826150331994853 2.345552488135395 38.383770976162474 51.133131705989086 1.7934433372485514 1.1938508984053666
0.18264181756283857 2.583569912754534 38.91386103225045 51.65546497102811 1.6770248081354426 1.4264061666935375
0.0485561812353241 2.3914067681171174 38.0342369030073 51.29905035709005 0.6921419111073075 0.8655697975897502
0.42915441891469797 2.6625670728179025 38.192015791441506 51.94199182942581 1.3536512803735454 0.9295655506966228
0.20649248744408522 2.211262659979974 38.809236885803436 51.04468895897785 0.5229755093338613 1.4225164786810394
0.16651248913759287 2.881410948606952 38.32587065748155 52.00710369481894 0.8190228493036943 0.5671432955770053
-0.27230614084486554 3.292711195988796 38.74819949992832 51.46672265660904 0.9577658442707411 1.141962832255223
0.09608628430227203 2.703387466047268 38.08707926737363 51.24796668224032 1.069458415602823 1.6025242118705958
1.2464290044677289 2.3900225385292018 37.75249900707856 51.084424349809915 0.8391203660121482 0.7339055281241305
-0.06917659488303246 3.2494296766756725 38.71446823234134 51.97565779484422 0.7706440269909803 1.1949884923818392
0.046451227885507845 2.8636065551707754 38.33795913608206 51.466756215834685 0.834965138150537 1.6531065919557975
0.6529652941163724 3.100240301712105 38.05314319173355 51.81714630771526 0.941081791484179 0.7865450185655201
-0.13137872054985422 2.4328533956157745 38.8545691812725 51.099015570165214 1.1696366553597732 1.0483158385101476
-0.08459083986536559 3.015291257711981 38.670406890131815 51.324564718698035 0.5034518081619452 0.9383003831827542
0.44625785488711256 2.880599875888868 38.33762667003513 51.35089165427485 0.8980747390718871 1.852438476263084
-0.03135927230806798 2.2267072741607827 38.553404161752255 51.06475312769188 1.204662278664174 0.7417685521976987
-0.17635242193352946 1.845076480664398 38.53386205061447 51.84810416966979 0.45841004967006266 1.0647117054741577
N 44
-0.3166637730629739 2.270265781837462 2.3439904558262565 4.065047730811587 1.075538204772914 0.26758689928712587
-0.04157749099107369 1.3176438413069973 2.043441518639312 4.468332425554731 1.6261637541552205 0.9848102748883006
-0.27690785031221926 2.1888981654769344 1.79231926870925 3.5694821056433756 0.7036865356194699 1.6990285862409746
0.7262739759389846 2.3632562285543983 2.2212819936426302 4.225915294342176 0.44715404512340307 0.3138598946966723
-0.27367724274351735 1.7461290514417676 2.5281855850364323 4.527044954487709 1.1969089836799278 1.4471849501773477
0.2652960280341942 1.4561353846124037 2.6556646899225935 3.8272076738905683 1.2678786828425546 1.7377168276634438
-0.016653417955908023 1.3222296818046888 2.30863586375048 4.5380034138980765 1.3538915767871829 0.14589829535759946
0.41359517436750975 1.3171731700125169 1.7459793709774831 4.159955443970522 1.3732224529465908 1.2174531600632255
0.4400352499066426 2.3956987301500132 2.1148520874421424 4.228827649007849 1.6172888202400788 1.911558908665616
0.032277738886485996 2.885108595062446 2.734679003188112 3.5151005045858663 1.1486670019471799 0.5610403655226912
-0.2767350760139041 2.223920708688867 1.4200732779623424 3.958422246576267 1.032816936958862 0.5335071791190863
0.35885869284687577 2.3298458260782864 1.6056175235029388 3.704374398833928 1.3961546822265178 0.8748825567751015
0.04840440564440786 1.2334275990468933 2.918664092785498 3.9036353799775627 0.8931410669356941 0.7131723685658975
-0.12652483245972546 1.5343413045580776 1.9865021472304643 3.335802210410187 1.3714326807776422 0.25960810607606644
0.3251762525306514 1.4943803318011375 2.5292463970822805 3.886332360223687 1.1355406527585765 1.2131132261958928
0.707790916809467 1.750714153783156 2.4481104230269204 3.813715905799774 1.0742861173344773 0.9506410906946634
-0.05149945891196331 1.4738899305677382 2.1120565900786143 4.703925537842817 0.4780549568699145 1.2925162422388539
0.35423370943913524 1.371965672973573 2.087848323324904 4.722906268056169 0.6759122358141447 0.8241893588453937
-0.011955706175232811 1.0433623748056986 2.9573800911750303 4.292138679272986 1.0982340061109448 1.028284522220584
0.02454413646063104 1.4311271104995644 2.3648936088714745 4.037582749753832 0.4380938835111676 1.4263943843205864
-0.35518839508259226 2.0453974895857088 1.6248311013247525 4.1158460933016725 1.5276106709378068 0.3753914836723722
0.09425512349740912 2.034127050875743 2.334081755653425 4.08081186752753 1.4753571202938505 0.7903872557383314
0.346609327760744 2.2091097242004665 2.1033535594629975 4.105822780141934 1.5892793564225243 0.9373072669351505
0.3119098778728455 1.7092402784036764 2.5547926063859214 4.437428122562563 1.4160628389844112 0.8459009367953452
-0.1789397959369622 1.6038692429310921 1.5930551647866493 3.7674117158357423 1.1133807358598555 0.5962887653312481
0.6944721433296466 2.0006043255227546 2.514570634671241 3.953035246836416 0.328782567857822 1.319634422090413
0.20708596410304225 2.12789134433 2.471091487113874 4.015319586690167 0.2725974215712802 0.5421616800433495
0.16678766425002012 1.3862803087793483 2.128234822423119 4.005159435185232 0.6020110288466969 0.7921567750376396
-0.29780413668033845 2.0451723580812824 2.5321127300223374 4.407723845117938 0.9043124304474239 0.6402675359970695
-0.2825139899764968 2.0192763553265576 1.5854199203124368 3.769087159351228 2.215591296008035 0.18411126263669264
-0.01227292065501115 1.9171880947490332 1.323134116344948 4.18731996299341 1.0939907450045945 1.5212634846206463
0.0009399264419593378 1.251914305073889 2.8620258967146035 3.6804893527995097 1.8498543200261746 0.8195868370762331
-0.1445809367386175 1.9214068210061128 2.1934254150842665 3.4222509132086114 1.1907913489413633 0.5589106125371337
0.875167036806637 1.1958199106065628 2.1742974467181257 4.019042599042587 0.6487378311329077 0.7629046538477073
-0.2088928026463297 2.103983921956999 2.4040417205987534 3.897438228776508 1.1372746963166667 0.7384855461638267
1.0691148159223998 1.3460620668735068 1.9726699858447228 3.709627358288107 1.2505674806772178 1.47139590230312
-0.03906264472388621 2.335358969371584 1.9032918290799066 4.089800368855304 0.2337529604825318 0.9816373890125644
-0.32909818369785815 1.1900767768671399 2.422209736200569 4.626462978513116 0.9803864822796814 0.8579953967691272
-1.05069493882191 1.8060112053093051 2.381718763755477 4.07003865261881 1.1354455539813182 1.10043758279602
0.036863990874424324 1.1388130210924678 1.704673335724579 4.319352551926836 0.6626480018836839 1.0723640599439497
1.170464667809115 2.677901385251858 2.4212491135229723 4.7881385049060885 1.05155933499742 0.7290014675565767
-0.4873003736515553 2.0714485175693373 1.906546116749459 3.387752662575196 0.5755804335239042 0.6883210307697196
0.018997914743987793 1.783834071323065 1.7726579663028954 4.348329270785592 0.7645268018854532 0.7255044563736253
0.13344565007703285 1.357255285912887 1.8686349278006045 4.54003741243542 0.31467557008751657 1.7724858174210454
N 40
0.15100294892468297 2.80522056367716 0.8998788769357582 9.527973916839171 1.3859171793371234 0.5462148425188925
0.3903346239608006 2.6278020182977797 0.6857486271291026 10.16973207981285 0.6235467049490971 0.863407466521678
0.3170057144742632 2.669270169122615 0.9056004636893472 9.947372481819805 1.1496273017325944 1.1395237757843122
0.46512735284766743 2.0984357739125405 0.5491245919889984 9.213306460689035 1.3548356431452604 1.1598057701667512
0.45714229931984884 3.1746112367030688 0.7775604269186089 8.790819512111758 0.8275961763869125 1.3865746294280945
0.00029960580612231613 3.166007799073286 1.221698371560148 9.882785903867077 1.5763881485150906 1.5612249422028497
0.6790560678411314 1.7690006372464544 0.7345641527120143 10.09452692376369 1.3908523891922666 1.1153550995886332
0.7876146881727532 1.7992026320894148 0.7843054150653627 9.137015986697332 1.47815544447467 1.2409115771835377
0.7336720622173856 3.06565357735446 0.5736514673554789 9.457636204605057 0.7468033405165915 1.3045929456848975
0.23013917882730706 2.872338123745589 0.7512445005934828 10.311956845653253 0.5079848466080645 0.9656646456696732
0.39788949311259925 2.5440720427930503 0.9716187321731116 9.451073312923889 1.3915378883027465 0.585988755452866
0.30819591468939755 2.825254299811704 1.3045855526349035 9.568792228645393 1.0481421368211798 0.7111448896550295
0.6215938700297526 2.926749126442243 1.0205075722150325 9.611458090908119 0.5501774900095187 1.3548227067268988
0.5083352145843469 3.062132361556808 1.0353934871592532 9.171574971019258 0.8835787060577478 0.797719068643771
0.7635486078385126 3.068786106975012 0.7636336295365681 8.967004239047611 1.1725965068482436 0.7456674429572216
0.026233530854386622 2.2851391359372624 1.2267902127258694 9.687869040411073 0.45521212987453274 0.4846545901794478
0.8159749303154848 2.5536346406833124 1.6005922896505764 9.487153482104963 0.4651065258380459 0.5245701862724911
0.2285262982397156 2.636850688096129 1.024885996287673 9.703481635936804 1.4229042841490667 0.5316091058166565
0.46247478483289345 3.2519760840371927 1.0617586356501958 9.483355734351287 1.024780091454119 1.2008546298406093
1.034998819264313 2.7461085532810565 0.8778265177965234 9.663745637769091 0.7980644747437363 0.7634297764170986
0.5935667456635192 2.947830031217731 0.9556132537923563 9.13670698762762 0.7112066661804024 0.6278658684140648
0.6036008887146688 2.803672658509345 0.8931616398576705 8.861963533598738 0.32554625868694587 1.0386395413088394
0.2896356013226773 2.1703506030204878 0.38764047296547277 10.170716991590558 1.2002163068804852 1.3700608108803753
0.028193673692365362 2.549463709549206 1.1195283711663229 8.706680451986218 0.7020182343668903 1.2815125336123685
0.7707685270086968 3.4617970268392346 0.7918191204561643 9.89745012162961 0.8126483673215459 1.5029106811717703
0.5108232219953912 3.4748213029117254 0.7533325099475012 9.950393400463964 1.54676486653742 0.74056880838702
0.9198369873852881 3.096036393855689 0.8517056388573576 9.537970268368149 0.8785923950636957 0.9840402043192469
0.6399556654491028 2.7786172795822823 0.39408687380946184 9.459818189840345 1.4670144363467061 0.5565568638157529
-0.0116062115261093 2.7751188536780806 1.0364278444553805 9.62468333719382 1.2289287707056245 1.1492102490478369
0.9558548148040013 3.2467788508076314 1.6176188661750865 9.493019957243222 1.5899564629475957 0.20076705322092625
-0.5054496953905965 2.9069549030810937 0.8054125963356645 9.654543630842761 0.6390070439688218 1.7063009515883036
0.4631661709213406 3.1587111248449617 0.4909571500907385 9.4274044190145 1.2299783472379748 0.586068069375554
0.45531803842792096 2.4307973794696442 0.4723009827665707 9.778924949557354 0.35136246174404806 0.6212208144553963
0.7736609985007473 3.1849955586538368 1.3704801726484837 10.219958821260947 0.9471834931912116 1.3363629291323147
0.44925343599560597 2.6537077521752193 1.0559897235802755 9.419240962395136 1.3970316196689432 1.1345643811237363
0.3748367453080936 3.119326261854093 0.7192226216551092 9.563273881271593 1.2134319031880807 0.7549762365844377
-0.0018481404415978675 2.3191635543030897 1.1968084534213697 10.177492379411825 0.46325119041661666 1.0075754060221096
0.548659709410029 2.8260051174395135 1.4583756329815198 9.614577506643101 1.2519790487075309 1.1824710543297603
1.217620772193475 2.6175098395111913 1.5202375536058124 8.729268823710568 0.2935062655094346 0.335776619741312
-0.22403078727511705 2.7449491996298643 1.698196093981234 9.213418806811301 1.039200014024674 1.208812504382091
N 32
0.294275191187227 0.906960932489969 5.19562131800145 4.197139970033353 1.2901038432478718 1.409581906946635
0.38656554071779026 0.3587388517258311 5.142064367533254 3.9679136101356445 1.438382752348379 1.360631546215963
0.23303700285952522 1.3586004057763412 4.999365907098622 5.189450801786884 1.3746489651718468 0.6244028345552723
0.7723391169175595 0.22602928824537882 4.668002179915583 5.34503597597221 1.463529292666206 0.21047826812452897
0.05603626324010247 1.084860359432369 4.82317508116742 4.674171269787127 -0.21417934341861045 0.8996111639281247
0.9829986580414325 1.161836888779383 5.326068915248134 4.518120688965694 0.3954462072251076 0.7101576791570731
-0.08679754131227879 0.10967464902443769 4.870942110802041 5.043708940588215 1.0932757091598744 0.3157612530884112
1.3033706244147274 1.1139458090843912 5.522536522649351 4.456734678023988 0.8552596919653958 1.1362682104792485
-0.15628352941810109 0.4204438523630951 5.361855182888801 4.55753225524197 1.3844379407762166 1.388849477757068
-0.12474037065516885 1.01353276682107 5.253745688103351 4.418505037019659 1.1887070661797612 1.3192512610028921
0.1913542372054951 0.857166515018959 5.243439956147677 4.055455843532762 1.447070460509322 1.3626371689632741
0.20291135761937285 0.7940807591326419 5.1860328554371895 5.133542636665322 0.539152138254714 0.48400583300065947
0.23333131074672597 0.8943845503763531 5.114836746602726 4.321209308921671 0.9718052973677804 2.1461993125221666
-0.07442520370894079 0.9771382554396963 4.891189867701664 4.841211415174191 1.0048957342702802 0.63423063796082
0.9219861812541852 0.005285977713042844 4.556310215891599 5.017282960056412 1.977821413578933 1.9034465748228517
0.9004242932875524 1.2547330060766946 4.522212700983971 4.028335838561135 1.0734374118301657 0.5658321303098206
0.2602792421666345 1.8870011511314253 4.990017554864791 4.277493294423684 0.9750910754318067 0.5928196698474635
0.5655348126958832 1.1009464316897801 4.883350034838383 4.655222803181424 1.4264580535715945 0.6031126146878831
0.7568604858883471 1.3356777822328076 4.761567118852855 4.39927197712601 1.3707391505521107 1.1440986018218147
0.3746481260698665 1.2687370650315757 4.975728056867609 4.600218405927757 0.6522756995320427 0.536804415705918
0.3484247781291649 0.46669821248997423 5.183303974325206 3.762463111629013 0.6661057991408036 0.7397782658650909
0.09650025211674107 0.7187928436387439 5.041021586949735 4.010810901972715 0.7469260898306643 0.30703083385202434
0.8290178114227672 0.2588729082128639 4.1604511134594535 4.026319756087892 0.9536784556675009 1.0297082387520096
0.570470145049318 0.6889061810470483 4.966322679869239 4.432754329998203 1.118424443572158 1.3256443337992514
0.08058847433737149 1.2115078213236639 5.439264912966116 4.708467724530251 1.0643900223954152 0.9592648870206884
0.8098636488836793 0.46703986477550197 4.2442504551344795 4.362169247033933 1.649054189741065 1.0673342965307495
1.2718718504455762 0.8754375083217207 5.113982240781049 4.587007208335823 1.3528801614297885 0.7487533030173597
1.2514208421199937 0.4856824959097059 4.946515550292214 4.2256928727932594 0.1679909800531817 0.5425887194014538
0.5732490255950543 1.0183887373306244 5.045316520533669 4.641845019399443 1.6436184495963357 1.12701675898589
0.09564223269630906 0.5014020162067189 4.958327373689472 4.309042167606389 1.4869342245703001 1.307268494438527
0.5149506698799646 1.3562586703454296 5.606407171604014 4.544678465806412 0.866031394437209 1.2202372709025298
0.7847024555103637 1.2044164334669847 4.56996138123615 4.217718942769421 1.0343884959736045 0.589927654712782
N 5
-0.20327549541247694 0.65876557807035 7.902270957473399 6.758332305783128 1.3466791137292689 0.8740396921044045
0.10879244738172256 0.5303724625043933 8.068764618737493 7.826867293747778 1.34612711445002 0.945903608578841
-0.040257748311479935 0.4115003907322847 7.506859520979767 7.462118808410571 0.9569161693887215 0.1995139288797152
0.3544159212976876 0.17204177246679192 7.917186046852343 6.862391116930927 1.0257334448396447 0.9678671455066888
0.16515376064889792 0.573291952482197 8.001317430363986 7.984967410916769 0.5533413515869078 0.693904018300959
N 7
0.2406837730346369 -0.8325185691340002 6.133595640578068 56.66496606392089 1.1565538796489236 1.2647107797138335
-0.10705398090203438 -0.13314522998173195 6.945881991833018 56.829530929782756 1.401887099849078 1.4347411152903433
0.6942179634016387 -0.6169399841232409 6.072175296086417 57.04034949690081 0.8750125957899386 1.3004556058263863
0.29369874384451716 -0.25929903772904206 6.359986860268476 56.70137315788374 1.190856311121109 1.1318961910059115
0.528422892114593 -0.17815619438226576 7.394956595440345 56.34999799259208 0.7555891273719796 0.830930095102083
0.7254824507189357 -0.5385701925923574 5.966177422335748 55.64272762726102 1.072251201234844 1.2511274416719702
-0.16752411626835728 0.03780367477004898 5.789769175897782 56.461113733871706 0.46711790731437586 1.0211873069917532
N 24
-0.19410732938933317 2.275320752580597 9.098627810460338 20.847013915351116 0.5856092075128477 1.467549844809233
0.2736263775197096 3.109407536210928 9.789760680236332 20.883951393877467 0.9939085506568668 0.5798675456852338
0.6700053290838539 2.532570414709844 9.208109137943513 21.378235901972996 1.4373986286688512 0.9803129739728569
0.02435807184038269 2.3578210722978987 9.489899696332223 20.625247250261953 0.7650174945456276 0.8977666964624494
0.9698762440645374 2.6907105102492452 9.54265805737935 21.11448790428117 1.0708401274352108 1.7208152301232946
1.1799649487607593 3.2861242915131434 9.105450463154874 20.169392401953825 0.7107683454778226 1.1127406638927928
0.09482392795504152 2.6197503411310787 9.262781356416856 21.273917200766917 0.9616586773092831 0.187941340387193
0.34696819767835524 2.99778099888141 9.69902283968238 20.74021414742123 0.6089137104928428 1.6903224444199076
0.3975426210181588 2.293844201964034 10.961132031234857 20.883728252594597 0.5785643566428982 1.8591591719023295
0.6153722872428067 2.9291172524606317 10.143113424666968 20.84512137702703 0.6815666716512978 0.9355151810063219
0.4608004202677427 2.421541920876194 9.749302134290868 21.074120248026528 0.9080125578016192 1.5562443881632975
0.9002072565917556 2.80041048284264 9.204216821056965 20.723422259780744 0.47988024644671357 1.8583503237585317
-0.05115287053045425 2.5962495747023766 9.508302739209169 20.72390072707926 1.5469777513236012 0.897410593289555
0.2405668585166632 2.78554519676923 9.762037852094313 20.662183418561213 0.641618891425747 0.958112271191423
0.670923042655758 3.017550828639493 9.43590033527167 21.420102274310363 1.1515973284116774 0.8467855771584699
-0.11678781439255226 2.639500063498796 9.756814698248293 20.474078950175045 0.5017068369309299 0.9463273668502494
0.5849186365377063 2.6371137487611467 10.468043225978503 20.010365513046022 1.1483018370684266 1.144904421896862
0.8361837971122121 2.368064193348478 9.977546935880703 20.676860313302225 0.605499824699391 1.265482040571095
0.3153642604384918 3.2334965082470437 10.593271127590375 20.496596328004507 0.3319514732965333 0.9288237599664253
0.48331162252660065 3.3491073279572143 8.986276898695595 21.024405661736704 0.47065505483825043 1.1890880286766885
0.10828976667345991 2.4150122601702932 9.283200202678255 20.872255191734354 0.9781802603949514 1.0044796646310432
0.315724313036134 3.266815102215388 9.281271506447816 20.336948026984707 0.893132660604387 1.8729814547447885
0.1534725191990963 3.027011681883458 9.67881059662799 20.508469827803058 2.1471271422801217 1.7111370714779617
0.13771328992596665 2.545299913616477 9.065921842418502 20.584125500736484 1.0368497387342395 1.0173219039597947
N 3
-2.099472422000622 0.3023737517079017 11.184269718343044 28.340791642057123 1.4315655170103792 1.2337734471734032
-1.5970454185784702 -0.3332283236960219 13.010888999704108 28.775775463196137 0.8004246343546887 1.0219823512488535
-1.5822642381381384 -0.21870569006696192 12.444335080835595 28.61626249591315 1.8240131616090673 1.2410776680851425
N 19
1.6668511229008889 3.733391779777132 44.96610183152982 15.019416071546289 1.570527765636378 1.539338088356133
1.8807896224900436 2.5771027122821484 45.47965151176346 15.345504660667697 1.6095964871986608 0.5349588361919113
1.9403621213163629 2.8710705233113765 44.692927611992324 15.676772965460133 1.006594965114338 1.3603902286698495
1.8006655630658306 2.3263677102658145 44.64221102253501 14.785465870395068 1.4548309962819883 0.41814538490757347
1.645695180972077 2.745239474978021 44.50379514592375 15.622171239258169 1.5984935612503393 1.5166161190744132
1.8977804594444125 2.2697573138570473 45.0062313302791 15.191172158168813 0.3259491873227208 1.4131102836326777
1.6115686043919313 3.399488856791212 44.272640570822404 15.682530384056722 0.8013577538129384 0.6405482277077875
0.9050999385236849 2.7013986149294884 44.818190865086464 15.447500944391201 1.1842149521271255 1.4979287630996896
2.0320711302798977 2.2180656696205485 44.17000343553243 15.910527532527778 0.4566857208243227 1.0161020305176718
1.6627343998668196 2.4927042693502077 44.994404583434395 16.090870019418347 0.8502472456651391 1.5223548623713532
1.7794493097001562 3.4821348496336944 44.41130797765847 15.779298876711596 0.9116965109980596 0.45014291836844555
1.5936458158071203 2.2833327206342835 44.69006677831423 15.665262270674816 1.4938387779104325 1.3568710023673234
1.7132479608352964 3.0349621000511973 44.4074457087326 15.815857633906068 0.6581631918755547 1.3582455687096924
2.2294638388356507 2.658299782193461 45.64600377239263 15.112710907549038 1.4232535283173777 1.268349933291708
1.6983827434493324 3.173599999618344 44.860263880249526 16.091112589690685 1.0859147757918837 1.4624753487952071
1.373737840603682 4.440506723270816 44.719499072946675 15.412329183750044 1.3407756010511354 1.110591803438305
2.268383691317645 2.681941076010797 45.04473754167398 14.870573728336078 0.327726227733836 1.1685741704234975
1.2245449711711331 2.895725412990537 44.97356768667312 15.347739095582922 1.19595337626017 0.8813206161218814
1.471406122586755 3.2321212946418525 44.869965982315854 14.804342403065041 1.2097691718298476 0.894447865424335
N 30
0.5185222771724486 3.0942044906146755 3.8449560145613475 10.981110896949538 0.6067463721114958 1.2029549112537326
0.745789538975567 3.2215969673978506 3.7063113981919713 11.220477592780549 1.0256597064373014 0.4424839421484249
0.8060201195897326 3.2925817637193386 4.538195294742772 11.344521842276546 0.807138223984374 0.8922489312603977
0.24509976994120752 2.6493785003529435 4.773026312410206 10.303236177951765 1.0868223177861558 1.0840220808532925
0.5743505699615444 2.6893768377456873 4.755457065434619 11.299319419691699 0.31357913919115743 0.9901368270615251
0.6465486441066587 2.3711160690042314 4.372588641275799 11.308888634261434 0.47577950981590483 0.5547943869987467
0.586712426727231 2.726243648712399 4.335732434519994 11.299361372713525 1.0328250614413974 0.5388967588646345
0.6150283883139812 2.73073125674709 4.596295247118365 10.87065403860461 1.6367605681768396 0.9523493935315496
0.07839951475733486 3.000016932903079 3.802701773288584 10.708076521874567 0.8508080140712339 0.54852587917289
0.6690119665041357 2.3948829109552965 4.277604754040375 11.015403636720242 0.48537800186216007 1.472688607494856
0.08595259995564153 2.6765335554191254 4.051442888634302 11.223959065214402 1.5386332020086964 -0.14429170409814485
0.7918885918051356 2.6853696554560664 4.9716686847867235 10.845953997374185 1.0566711500349717 1.3120564268266357
0.5330822688474347 3.2732353000976633 5.074763698119039 11.058349632099718 1.330416173791097 -0.10096081693252734
0.7658930847231212 2.962639022245775 3.751991888256256 10.663653431683015 1.2181050292628046 1.3079055428618929
0.8343804302895372 2.844874281409889 4.825115553114031 10.50189303269578 0.9353093341319927 -0.07769939750323318
-0.011809664861760272 2.67950058804467 4.7224839366303035 10.763088786569211 0.9997407728932182 1.6437533397234363
1.0966641314347347 2.5515908973096497 4.779355072551834 11.006378534958062 0.3088064272194325 1.3412807369142075
0.9216127200805115 2.741126504620921 4.268275393935132 11.12637607617368 1.4966601729660334 1.290289622839378
0.9192484576230835 3.219048647551413 5.2045412153703445 11.509720526771936 0.6108852935606857 1.129321718494611
0.4864086190885049 3.1920109820127447 4.287311773153049 10.931521438935116 0.7889231145602631 1.1868091274092878
-0.06297309189567668 2.7824972434648005 4.417235232795079 11.49202963972786 0.5959812737533207 1.0590711265414638
0.2335323799962447 2.7664255787488337 4.868353334684473 10.102784816305327 1.2660945058800135 1.2911275136763494
0.4333967704140439 3.003234604178705 4.295593709295442 10.531755219948387 1.0718604117137869 1.6162558589376932
1.1384504954446455 2.945094018245408 5.258942673878598 11.068481074310627 0.8968531080963456 0.8154300953868157
0.19998081166659054 3.3068312055272684 4.329680373538788 9.862057848541287 0.7972689152484196 0.5973123482446376
0.9686097972937041 2.9299181899131463 4.841161850087515 11.352214987191942 1.2557996260690831 0.6878266590470021
0.7238455704594017 2.6651023939166514 5.330603512735591 11.060339580257422 1.1791820369759463 1.2460240116238295
0.9375093425957142 3.4598878375474156 5.0294938852951745 11.152804299618191 1.0866313085102972 0.7124101729610126
1.1491178346712987 2.9012835483670143 4.648216813674539 10.563871517310558 1.1579394361642854 1.5893201280666798
0.7447675824064954 3.0357178674228718 4.245653330578551 11.525343490552212 0.7015734489457015 1.2906953372266174
N 36
2.375928686566104 1.9699910505055516 3.632534630911165 98.43951522263053 1.6178528067995637 0.508000205961165
2.575886444216657 1.6070878229343981 3.1400917780015614 97.30936511463658 0.6779286333967538 1.379289010803792
2.3870185917647992 2.5131338796378673 3.3577470388251216 96.50428721831786 1.2169263522459044 1.3451212458029014
2.699777783714672 1.448117973608112 3.3640033303599353 98.04945698632278 0.37451576979083634 1.0233413256473556
1.5552368725252095 2.0601464537470187 2.6431974445321726 98.01338601359708 0.24734373885218341 1.1442344018737072
2.020205410351412 2.1576271973897634 2.73040534872625 97.28456900756738 1.4748214839446303 1.5249928116302207
2.4282077417594796 2.1845074767453867 3.5799951064654034 98.68321973025715 1.8522478170444365 0.8139459326984011
1.8230427161968774 1.1550219637745545 3.867792133576546 97.90081375081627 0.9302878775746566 0.7225755654431826
2.860684904802289 2.0602401866601596 2.5594174072745446 97.18922494995128 1.3163341936948658 0.477008990148201
2.0978781599382357 1.348103464195604 3.197846913365916 97.4612127210688 1.1538222033251606 0.41457520068707077
1.727737832901122 1.167093421738604 2.8611877285262906 98.08856859203178 1.029457029796043 0.7943142787516686
2.2134505542766907 1.3763762875974552 3.0848167381992178 98.47802529698184 0.349965416043431 0.46745168331411024
2.1747895015211345 1.4743142136649219 3.541517317814956 97.92061010396503 0.8792905331252093 0.3805245690962967
2.2387511775238553 2.4702194986885657 3.2105639429210178 96.77537381719652 1.4515062521456905 1.2210473746673287
2.416171087960011 1.8169157079702105 3.5097234715800187 96.76918640407526 0.7485170219767963 0.24825656496421644
2.1315139071582005 1.6486712118191877 2.6704133313421696 97.61566461732163 0.8388956649546693 1.0168477548057338
2.0712286497634183 1.6264217324880441 3.0916105887481744 97.67016681399065 1.244362380807178 0.8124823840768963
1.8254170943590067 1.6430054195574282 3.1121657883530793 97.63151560976236 1.025896792876752 1.0683081690441438
2.1844037893519883 2.3744995580995165 3.446574254388822 97.32822753243647 0.26403960988097697 0.7558029150584535
2.302611545106488 1.8354835960476472 3.208537574033108 97.28518108428263 1.132372787231009 0.8431691416165903
2.2026622844602213 1.7194047129091543 3.252535760023836 97.84454164184186 1.350332623321562 1.671102935575937
1.8653196042388343 2.223581255215895 2.723424790198172 97.54323046262192 1.1931564095239389 0.9459735036041529
2.721153622526455 1.1188692214397242 4.098943486684191 98.33704449411096 1.1406166676276799 0.9731615661589572
2.0667900612020405 1.622933259730212 3.608012698488742 97.45740830400354 1.0406041833999593 1.238699734277168
2.7930319360032807 1.7623752578692333 2.5239836600561034 97.54224872565067 0.9232304562631722 1.9123170669014184
2.013628182101722 2.520058027001882 3.1188216902653187 97.88245135643355 1.1755965103994208 0.6633097893534928
2.0437607856718927 1.493845386290095 2.83977295506359 97.66136797086935 1.1816357760813627 0.9006063907517019
2.637737247961498 2.412270739365156 2.5987591037683364 97.785704159042 0.37722657860524744 1.1276551441503324
2.52013719700241 2.1551590411938575 3.2062939930092313 97.41613627044629 1.1240673591302763 1.154580929052283
2.282031241030459 2.2490286480447352 2.7275353209019513 97.80052900721086 1.0670445046632797 0.9455101029716225
1.8834607608149923 1.1845123367633195 3.5127270406813396 97.14615036161861 1.0455621860867834 0.7043396149544874
2.0670455695415253 1.9882255817088268 2.927652124470969 97.21595756959974 0.5472978192907885 1.0374020120122558
2.162004336702047 1.860432710039929 2.6421072907910905 98.0142789191967 0.9096615733303411 0.6996859126821507
1.9259985172899674 2.0022491876219473 3.029286242255243 97.7143133194738 0.9112465951561557 0.4593177404912757
1.5069452610719347 1.6573840930749748 2.49407099584328 97.36176868334915 1.305342572434769 1.3680757211609915
2.292022263010494 1.2422587158214 3.522544322028519 97.37440421786532 0.8759220038764967 0.4844548149872394
# Header info: 
# nr individuals | data dimension | max nr samples each | sigma | d_normal | d_lognormal | d_logitnormal 