5 5 10 0.4 1 2 2
N 5
1.4604594317508246 15.059700448896388 7.350352664240326 1.719933675609715 0.8372255752657128
0.4523778079536429 15.206472115792248 8.290547247445462 1.4205066983154933 1.1283638843262334
0.6654078672516229 15.488385231075874 7.409122222747194 0.9307920486447628 0.8604031140474837
1.1945000639212835 15.253163997994584 7.94453814765977 0.44833805906431945 0.6853237985341922
1.1796199440158006 15.906029990154032 7.779484884032573 0.9956079848352486 1.176263654974781
N 4
0.7640047135908508 10.532545143954044 19.84256205139229 1.6635745182426924 1.5687963494924864
1.0800624817021738 10.66011229128043 19.066772571891352 0.5010392705168112 0.5346005071961397
1.004569563859969 10.653412427591672 18.692701895950854 1.155307946370847 1.254787279802728
1.4106546760675105 11.004774423164505 19.756182678152243 0.2164140763641057 1.508722768989384
N 6
0.9289030667240625 5.283783033586265 18.455242852550025 1.6896348346172512 1.523580202084346
0.23751805365790274 5.346346562729566 19.802081891370438 0.7256600644240936 1.458751061782509
0.5183859350274912 4.315455891321893 20.146821995053763 1.0265087345102877 1.1554921172828785
-0.2166688616000748 4.686459178835 19.499406637071207 0.6722899541454184 0.687661866039859
0.3002122690865364 4.632939986356919 19.56598981534029 0.48908941114773274 0.8233072391011956
0.41521334038845303 4.194713297250454 18.71761584903572 0.26661078711593955 1.0046581014169897
N 1
2.784585356486185 9.071230261364033 25.31386192043603 0.22168331180624323 1.044857942228055
N 4
1.4707311150829177 6.916112425899637 5.931139734809004 0.6452663444404698 1.6088558955529497
1.7337540367093252 7.237219000702087 5.744625899166791 0.8706442709825643 1.0078138068726328
1.4262440557168188 7.1433883713427635 5.863440122853443 0.3120806372993702 0.56667691845218
1.5946692954060409 6.727698862673329 5.932800310635578 1.3857340105354612 1.0118468730621155
# Header info: 
# nr individuals | data dimension | max nr samples each | sigma | d_normal | d_lognormal | d_logitnormal 