### This file contains the generation information for data_advanced.in ###
#############################################################################

### 1. True hyperparameters and latent variables: 
n_individuals: 200
d, data dimensions: 6
sigma: 0.4
d_normal: 2| d_logn: 2| d_logitn: 2
Mean (around which transformed latents are scattered): 
	 [0 1 2 3 4 5]
Omega for latent_i ~ N(mean, Omega): 
	[
	 [1.0, 0.25, 0.0, 0.0, 0.0, 0.0],
	 [0.25, 1.0, 0.0, 0.0, 0.0, 0.0],
	 [0.0, 0.0, 1.0, 0.0, 0.0, 0.0],
	 [0.0, 0.0, 0.0, 1.0, 0.0, 0.0],
	 [0.0, 0.0, 0.0, 0.0, 1.0, 0.0],
	 [0.0, 0.0, 0.0, 0.0, 0.0, 0.5],
	]
---------------------------------------------------------------
All 200 latent variable vectors:
	[1.4475256461601247, -0.18907209130465197, 5.5649685846218215, 23.627443841382085, 0.9918106417751067, 0.9928695249899977]
	[-0.06407880589482251, 0.4582730468850732, 7.958986413327459, 14.83808292091825, 0.9877390078502853, 0.9964573855075031]
	[0.47844512318211685, 1.7726919473892426, 2.522774874046021, 168.8754982998717, 0.9758713773650358, 0.9974352872285877]
	[-1.1652423735807624, 2.0034719306246087, 4.358849304658479, 42.0616032079216, 0.9851948012060882, 0.9939363428523132]
	[-1.0690790453085437, 1.8736373424293864, 7.274566513640461, 29.5433261667329, 0.9673894969022374, 0.9921230744472672]
	[0.17400733124436174, -0.7920908072415422, 1.982384432148133, 12.445119492326475, 0.9777470077679095, 0.9923896965215876]
	[0.5235795222893251, 1.4302789988094737, 3.756376274312787, 99.4663454932443, 0.9777285240027885, 0.9928591704370373]
	[0.7633584661478292, 0.7097691112715969, 4.275069827749172, 8.700461052130047, 0.9932325268772294, 0.9928957940574505]
	[-0.1214633908816456, 3.2775355955990184, 2.833159133049286, 15.199217754411166, 0.9913107915987707, 0.9952433941763473]
	[-0.22500965341114904, 0.9358921100199064, 28.71485116724927, 80.13520731476949, 0.910994041870768, 0.9922199373963982]
	[-0.6896613018563453, 0.9355101915031583, 3.692279793738267, 30.152137923474022, 0.9853717099903194, 0.9977490571626857]
	[0.3126272916952052, 2.4629702775448505, 0.7805081552997505, 13.31383291428064, 0.9922011225717787, 0.9935327557695589]
	[0.05633878704525963, 1.5309046653184932, 13.848026614037256, 4.247288948053603, 0.9954980058569757, 0.9769478451850292]
	[0.8736650169803808, 1.090003478382164, 4.504517860045147, 40.96030958833021, 0.9837334840657485, 0.9953015387156039]
	[-0.8750227002172994, -0.5364355156082046, 6.8635407462600515, 21.16799216290883, 0.994621715735135, 0.9861641500073122]
	[0.15941561306727514, 1.1417893677437052, 5.203836781231251, 24.363526903481464, 0.986314971339018, 0.9866001096546929]
	[2.2621260043601112, 1.8130830995731289, 1.5082665563898199, 18.74730619620019, 0.968319184107244, 0.9965085070302744]
	[-0.615347532588362, 3.446882982802625, 24.984872292916076, 365.7583590383184, 0.9722013613614264, 0.9911105267227397]
	[1.6735027202784265, 2.2828189389757894, 9.596266678240944, 12.546097342436061, 0.9764219042832291, 0.9970657138720915]
	[0.5214804303492793, 1.7138194317227433, 1.36621269244596, 5.3437498808778034, 0.9791614461225421, 0.9983085311738606]
	[-2.211399510963043, -0.765919335368058, 18.318429792043982, 9.663375065096375, 0.996720598893621, 0.9855191638381169]
	[0.24759625535434693, -2.327659809886404, 3.7922258885226134, 80.27428812302396, 0.9931903603669151, 0.9976341585102053]
	[0.30381792141807407, 0.15116257355414153, 6.19400797438052, 11.046422822057867, 0.9912754250621796, 0.9879507728829815]
	[0.5403741165807272, 0.1575252062441821, 6.718435328567308, 10.355316888735347, 0.9791750552271508, 0.9762756808700865]
	[-0.0996438886443036, 1.5172205912722367, 12.301121873181376, 21.33123157445888, 0.9785818765114446, 0.9876332100274702]
	[-0.4252539088362971, 1.0083951607326953, 1.8117504674671852, 15.500129711370677, 0.9811234072098955, 0.9775764062248236]
	[-0.7532924146636624, 2.0196783885469554, 11.088995681911662, 24.945010062813104, 0.9871228920549745, 0.9905376948497572]
	[-0.5556457105404687, -1.0308918853121085, 2.341851795958784, 9.150413448188417, 0.9993816760752664, 0.9956154317753101]
	[0.6134655322876033, 2.1983835691234876, 3.7575268156375743, 33.11743584019423, 0.9937981611556592, 0.9941640850515607]
	[0.507483013389958, 0.4272102670468265, 0.7612673616834081, 11.279990945300016, 0.9961217831829238, 0.9963696628101045]
	[-0.7173824623661671, -0.6224545062845688, 8.37579879027092, 42.451873790006566, 0.9755066276354512, 0.9978701783499582]
	[0.026663243234909928, 0.4668721467993504, 6.051195819103894, 38.043061476835454, 0.9969652687492595, 0.9978436174418219]
	[-0.37508267636406667, 2.733488753704032, 7.4463467473653955, 35.937449788424594, 0.9799099481516187, 0.9921392181048855]
	[-0.11991693810006782, 1.2092699916844662, 6.640231790178311, 12.338107007116427, 0.9753759175576193, 0.9756727439723032]
	[-0.7450782079341535, 1.991435630570735, 24.464421808513755, 54.278956110669846, 0.958420629411513, 0.9925142844349721]
	[-0.03794963754870989, 0.2997552319414507, 5.820763602085417, 28.91767431704628, 0.9829266209985585, 0.9949997183732379]
	[0.45622124426487426, -0.23394791125153946, 9.67273858586433, 7.774772341461349, 0.9666041102282873, 0.9944073037191328]
	[1.1296089276718475, 2.180000896743267, 22.78973249565581, 22.492090502248196, 0.8767121399204306, 0.9749452445970089]
	[1.9385624666738568, 2.708103761458995, 8.309690779210923, 39.71508818746092, 0.9065489665930415, 0.9957494161295439]
	[0.9766583836721348, 1.03109419551186, 25.86421871307099, 24.8242201699886, 0.9911628990096368, 0.9978314991862007]
	[0.24922039840348723, 0.8302504990915223, 27.84466727489029, 9.233140069639473, 0.9952835956067488, 0.9951681181601273]
	[0.5077473977970569, -0.20059767171142173, 4.563455461553455, 16.511241664551548, 0.9280357516293671, 0.9852894657103487]
	[0.2634409034581128, 1.0141439617174213, 12.287861556433144, 51.515828737121495, 0.9846553199170665, 0.9894330314143623]
	[-1.2425644964349227, 1.0873475146464724, 12.390860354790364, 2.0741273900045183, 0.9823151744013768, 0.9948727569718459]
	[-0.6968129200072557, 0.6843019843707182, 5.082244441509856, 9.840219700024647, 0.985975981915457, 0.9971026763106225]
	[0.5233471890689534, 1.1191685261680253, 58.55378726299845, 21.120121383457622, 0.9513552614903916, 0.9966988050213071]
	[0.6692257668226537, 2.3319918764818457, 6.6464353559379425, 91.9302013088387, 0.9934657305122748, 0.998230663781143]
	[-0.17413336700748383, 1.463933814271074, 3.9688724883057045, 32.40512932198589, 0.9875254120286092, 0.984205039850868]
	[-0.3633550534060146, -1.4768732679217478, 8.58970426968292, 8.403249779875592, 0.990247545094546, 0.9954360704660821]
	[0.3154202609803615, 1.3188285493839227, 16.12011968231583, 25.366119027980105, 0.947751164233581, 0.9959480213525806]
	[-0.8327395017408075, 3.2414414194006382, 5.9947633475490125, 12.037524780561585, 0.9789760247060357, 0.995525821497159]
	[0.8648032955395266, 1.5226392727865912, 11.36428679414977, 17.16430073441254, 0.9542080845929785, 0.9932814140633931]
	[-0.45859785229202543, 1.9187879910831434, 14.334983320724229, 27.485128681595747, 0.9910715895003777, 0.9931224494922464]
	[-0.10150528009709575, 0.604073833832817, 1.1363639889150858, 23.20113674489028, 0.9953851245818364, 0.9944086132076946]
	[-0.5132548530162693, 0.462979445855232, 9.930469029561, 21.048456329091916, 0.9324057609417175, 0.9973965223311624]
	[0.47920287933680544, 2.163041973928147, 61.14999005225429, 42.6461979822066, 0.9854085792057995, 0.9875755403548093]
	[-0.5540933160927032, -0.5758452657856035, 31.174588841108083, 10.736169042106676, 0.9959992813777921, 0.9959542834171347]
	[0.3389315482613391, -0.019001027936304205, 13.166369593467802, 2.02909702803793, 0.9909026172835129, 0.9969656351396408]
	[0.8642016877375264, 0.43722755145203585, 4.792109777439744, 20.704077277600895, 0.9824703117726095, 0.9958046988739451]
	[0.8843007584172777, 1.8972562301116493, 16.140173739804435, 13.671800562613075, 0.9906144465673593, 0.9935746873108133]
	[-0.7087960268799474, 0.6447189422991664, 14.530554006233064, 42.79642303626233, 0.9603112219817653, 0.9908977784745965]
	[-0.5609031243857321, 1.6714302820272926, 10.285433603541142, 26.819287021907485, 0.9777159600036021, 0.9969549897352711]
	[0.39950096340664737, 1.500514871552894, 4.107063981261663, 73.79423255029187, 0.9880822641609786, 0.995570683571345]
	[0.26027041912669036, 0.0820081981635008, 42.34731870438616, 1.4241389426304365, 0.9913161442615875, 0.9923926140027781]
	[0.14001345350272726, 0.9700183659480649, 22.565693493136415, 68.22553243793779, 0.9635962422459164, 0.9785436648673982]
	[-1.2501492923009643, 1.1522340516439833, 4.403909132575128, 7.199335166046015, 0.9933180276459018, 0.9822650190653913]
	[1.2713737809769141, 0.46840655177950385, 13.066071530706019, 31.0964035766591, 0.9861625808715817, 0.9976974864400866]
	[0.9780894696663265, 0.8830927196732291, 5.662506721154575, 6.8398396425337555, 0.9900733230163024, 0.9934819302015923]
	[0.3380152813141833, 0.48583661340208417, 1.318916680745418, 14.430656730461312, 0.9837289256480125, 0.9910618439807657]
	[-1.5101189251361617, 1.7189234681167165, 1.5708503984342026, 14.484925182642995, 0.9806659461595049, 0.9952965493561435]
	[0.3139485846402973, -0.3564173858263451, 4.04010538226568, 10.226175485695268, 0.987426374954914, 0.996514140481923]
	[0.29890188043205146, 1.4635202555126252, 21.468860639711853, 4.365215031327617, 0.995552031096696, 0.9937847428613509]
	[-1.9527904755886594, 0.9708672065410046, 16.729087398148348, 2.6630278176377797, 0.9882791903750474, 0.9933858125528204]
	[0.503540560087677, 0.8546714451120665, 24.26107624511467, 23.058482054991828, 0.9295308498173273, 0.9904658916128909]
	[1.1336984417384794, 1.439905840366675, 6.142130264036915, 43.428469283257854, 0.9939875356226483, 0.9964212120770202]
	[-1.5647552429160558, 0.05879089754145328, 7.637608821137326, 28.009920859911222, 0.9837470081019593, 0.9935592372899622]
	[1.030124990672423, 0.7594637228719211, 12.912855250160408, 59.95294558170141, 0.9959419083784632, 0.9950506989915986]
	[0.01887016170976602, 1.6100136707773445, 9.407949666526676, 10.487264480935291, 0.9854817459201087, 0.9744771916831629]
	[1.6432846111834811, 2.461099863672053, 59.8361980663446, 15.852643772423132, 0.9923554667102492, 0.9952384745792304]
	[-0.4068135918922111, 2.1162976249200893, 31.05670179152494, 39.995826854962544, 0.9944259926422218, 0.9984504493604597]
	[0.02033953771220054, 0.14214561692232364, 30.99747292318132, 20.544187348663748, 0.8585816745634419, 0.9903437780193926]
	[-0.037830767694740974, 0.2986909936566573, 34.67251219136088, 2.015502206179477, 0.9816268470535715, 0.9958169975845592]
	[0.34472925961349754, -0.526186188818818, 6.783822877983771, 9.396359542680653, 0.9935048706567267, 0.9933768437762598]
	[-1.837921386963192, -0.45899783539729233, 5.450049944971595, 7.515096068162952, 0.9110102383084343, 0.9904646228180458]
	[-0.5275850042295726, 0.06150557266045498, 7.279384436664217, 10.420681470275998, 0.9745423977278659, 0.991317784023095]
	[1.4146431284959524, 0.40216994133979544, 22.090488577727907, 5.362152384856275, 0.9932265383145502, 0.9877030699589632]
	[0.6103123478734113, 1.1507230340974623, 6.283161175366666, 74.20224217071866, 0.9826268151812823, 0.9936410423055168]
	[0.6200425315261577, -0.3104513537976106, 5.78299172936253, 7.713507257792431, 0.995529849992959, 0.991998030303579]
	[0.7064871860868736, 1.4377169727450518, 11.175610544922613, 6.404847851283305, 0.9524935858739615, 0.9952652187322635]
	[0.4209483456360779, 0.7468314027070212, 27.150907431909154, 13.17480177801335, 0.9265039037814676, 0.993260885211627]
	[1.2149449730496928, 2.321373746788705, 3.143105597652445, 15.814770309352523, 0.982784647653522, 0.9904293550929874]
	[-2.4484406993740104, 0.6522267391558381, 12.033605643765743, 60.890981089899626, 0.9895345934357065, 0.9812023044629048]
	[0.15768303663906091, 3.8681926777390947, 4.757425456095001, 5.979989304601856, 0.9918922897657051, 0.9981683048220547]
	[0.17227043230718517, 1.2574306914397617, 5.9920727731636285, 13.374809989164001, 0.9651923990635077, 0.9696243657810987]
	[-1.592073610926184, 0.4864962259313088, 3.3058933515531197, 5.432753849315646, 0.9945750620614244, 0.99565503090808]
	[-1.254102237823882, 0.5586992482909795, 11.495703337198382, 15.463389059646474, 0.9858387703424597, 0.9963614540768361]
	[0.1964418645439867, 1.6705033529566846, 0.4511796055086281, 4.434297890852629, 0.9934246654514004, 0.9810821303062166]
	[0.6846094563462998, 1.7670739926484016, 8.794816061387564, 3.1044338200705797, 0.9819222732410544, 0.9965387012765564]
	[0.016399823102311306, 1.7628690019165993, 12.346745721910207, 11.602722414079619, 0.9931969972780116, 0.9935459832550663]
	[-0.012151870205909993, 0.6543197980038321, 8.73736475527361, 94.9671373314665, 0.9823063799816275, 0.9910930337552711]
	[0.08812583874702651, 0.8280401959136535, 25.63231545293045, 31.711775622733654, 0.9903868339554207, 0.9833786664051452]
	[-0.7298602442413188, 0.9121498816605651, 13.943705273193126, 70.13565435108518, 0.9823069417185081, 0.9933718730831586]
	[-0.9109899330527491, 1.4354888593251713, 1.1939817845061673, 2.9585251674788395, 0.9639014113440646, 0.9972864768075129]
	[-0.5730235216682815, 2.05676503360489, 7.9751590900917915, 10.635406579863085, 0.9959984613863503, 0.998401827595156]
	[-0.4287866978812564, 0.8108419486212208, 11.437233755957227, 5.793345406184958, 0.9203508718226636, 0.9875085636378013]
	[0.03865210767743596, 0.5960318297514653, 40.36915042228843, 103.15686282134045, 0.99768020474649, 0.994176279393015]
	[-1.0269497539473147, 0.25297335314704006, 30.443696185965656, 12.53358439325762, 0.9142057120759931, 0.998859548204903]
	[1.634237399140608, 2.4165799891129596, 1.4828354899172909, 81.84330558025879, 0.9893252735385566, 0.9928048932978518]
	[0.9240458148403499, 1.4123321805477036, 4.389855088615919, 16.630618963710102, 0.9811179470927494, 0.9937642434273743]
	[0.26677215671420873, 1.7507466210269613, 5.898934966265703, 19.839468827428266, 0.9971955248913005, 0.9969889044835128]
	[-0.04436393944867828, 1.306227260752462, 33.4941097355045, 11.586554798020611, 0.9240679510600016, 0.9978155044901856]
	[-0.26096637102959747, 0.9207635850472683, 17.00679527576441, 21.97832856952361, 0.945960999896084, 0.9901915769499365]
	[0.3865024828521444, 2.3949788321536243, 3.0994142170804446, 10.307932470039527, 0.9816889126505433, 0.9925072324316905]
	[-0.7001537266787993, -0.0025107059150515365, 7.164684558490086, 4.898378691087709, 0.9797942444190233, 0.991471933248537]
	[0.5747398366317732, 1.8771388505082789, 3.2818118721880203, 50.20619338753133, 0.9927378238189684, 0.9942984874992368]
	[0.8653573566181241, 2.483888478694073, 16.236943725758184, 25.837617370329525, 0.9806040258857842, 0.9980894794471524]
	[0.6683227618458744, 0.2951427549117087, 2.4027227845647587, 20.916053667964277, 0.9756030513704715, 0.9907915696337601]
	[-0.6467824056525568, 2.0991473023154, 6.713647337312432, 17.887669831351573, 0.9778484272260419, 0.9916422484172503]
	[-0.4810831709180896, 2.211409391541049, 4.499615447190578, 23.581125759151107, 0.7356969342250128, 0.9970409713010097]
	[-0.278681097448332, 1.5380692688085738, 7.1018282030597755, 12.317944334936149, 0.9561059371015382, 0.995991592023575]
	[-0.4352496146555058, 0.07666728885278129, 13.210620483810168, 417.1336443581102, 0.8957272348520576, 0.9909700349691305]
	[0.07572271897588545, 1.6170556771688602, 16.745010296828745, 9.201856458757012, 0.9970405636963691, 0.9946733312654359]
	[-0.30616990933689925, 4.122425119922697, 12.378487348083253, 22.09372264473801, 0.9945437206223273, 0.9983414823919369]
	[0.7441762920709107, 1.4076500149043145, 14.963388526449801, 17.15143508308363, 0.9574833548315629, 0.9848275322866621]
	[-0.43948435636290156, 1.3767740686280265, 12.311878435574203, 99.55852801245122, 0.9689971608226079, 0.9921647098920204]
	[-0.33562315488416616, 1.6779726704648144, 10.203052663051654, 82.38237216091528, 0.9210245913059227, 0.9849309719828122]
	[0.21372139652409117, 0.6118065103219701, 4.613059672352193, 20.13710196562284, 0.983044677586158, 0.9929807900977557]
	[1.60462451370564, 1.4547440093218464, 1.0353061783825421, 13.082542193688152, 0.9528445662380126, 0.9975654510391478]
	[0.7714538236406852, 2.1247486281526493, 10.133996272651482, 99.96518582008943, 0.9799450103328912, 0.9608867660631916]
	[1.544225974141178, 2.8227912389733585, 49.48290522462902, 7.976733181645405, 0.9821677645821393, 0.9947643960705548]
	[-0.23680737599624607, 1.2229290779878847, 4.853624522605529, 38.7493841328875, 0.9924511137077416, 0.9942971661963697]
	[-0.1571637796641132, 0.07858257665391521, 18.395746761525544, 3.13049239218636, 0.9295689447199234, 0.9868346559417899]
	[-1.353245357761161, 1.5401616271070977, 5.271751034787379, 5.022173803475682, 0.9526786532533913, 0.9812841257065141]
	[0.7199305472563139, 1.8918521395878543, 17.324195011077986, 86.4533737206755, 0.9597474803355556, 0.9948498986225033]
	[-0.1187975562309101, 0.5697436317917669, 16.860136552855547, 8.810974821234211, 0.9902727259907631, 0.9969249750386256]
	[0.2917727493841844, 2.0151887716132157, 6.170455687002919, 2.4428822062023836, 0.9941879715209763, 0.9892193509316142]
	[2.3844558690858038, 1.8499895860893711, 19.008874106879777, 18.155936495354165, 0.9907026762591413, 0.981553747472554]
	[-0.12709067149698497, 1.2578815370913397, 35.75980165510164, 77.45950467277002, 0.9574874973023746, 0.9947795477885332]
	[-0.08079672472417421, -0.3582872267940058, 10.802731117764383, 22.430219448902275, 0.9871570243721071, 0.9791200874159941]
	[-0.9799286254983409, 0.41831423262871126, 5.229726342153564, 5.412674548793126, 0.9949983003381484, 0.9964908452570177]
	[1.1532808988287546, 2.7977037781822, 5.8774910269252585, 45.62174665756887, 0.9734445727376013, 0.9941940907939774]
	[0.49953211513068985, -0.048975922513203596, 15.092571921556903, 4.705021506366953, 0.9616324400389555, 0.9959834669730383]
	[0.03201728252451713, 1.2088335605677152, 2.3145951025750837, 120.45659740345513, 0.9960378218394188, 0.9965015083658055]
	[0.004147821875641999, 1.985934025361078, 3.3382643680679176, 4.235406715218812, 0.980137363676826, 0.9949979866250446]
	[1.6990905255339666, 2.028061353401296, 10.93623192331717, 35.670665858503426, 0.99650089112256, 0.9769125189578581]
	[-0.7261583151159182, 1.7155810054359713, 27.30560253176909, 8.320440843641034, 0.9347438476933616, 0.9911710440766743]
	[-0.30051026005934534, 0.8128852326325677, 0.6784266310132558, 23.772125210752773, 0.9888397899042277, 0.9979518245602367]
	[-0.22979647757972732, -0.15707501476733343, 7.352135417983748, 11.387368944987283, 0.99414396668278, 0.9923711320729188]
	[-2.1149693541309076, 1.437156254998759, 1.7805823518082509, 3.1281081223261977, 0.9715081784568861, 0.9929873038470243]
	[0.9146094832586313, 2.0465135826642697, 4.435117664351534, 12.34493086296046, 0.9544795322235117, 0.9944367922973995]
	[-0.8274433464221875, 0.7500131128481495, 8.085995083296892, 8.37066060622767, 0.9577168873681423, 0.9738215631153418]
	[-0.9495618510549858, 1.9357396796716015, 17.26972642541086, 27.781426966337865, 0.9861187920551184, 0.9850703233568899]
	[-1.2781135215980692, 0.13797432541822818, 3.847870414039011, 8.485765665106934, 0.998311841823791, 0.9881260495741309]
	[-0.5434480334761892, 1.1837290601548303, 10.396698526894198, 7.351272287951504, 0.9511382035724799, 0.9962054942536653]
	[0.34036211570654834, 2.2030658656856144, 31.090286951238195, 16.74012755916852, 0.9810845858334623, 0.9917868712888028]
	[0.6051053745588788, 0.6904837928780462, 7.969027882508929, 10.08608204246795, 0.9958865432923119, 0.9945285024351984]
	[0.6710054044480616, 1.5247548067464187, 13.936847614276111, 42.86527350537022, 0.9653526760146289, 0.9693063447518183]
	[-0.07721564522589253, -1.4826636315432284, 2.0325907530807954, 6.454508018410137, 0.9892621273453966, 0.9863110490656657]
	[0.7186586229926689, 1.3371159546164915, 1.5102878459034101, 18.549802333786534, 0.976705873211906, 0.9935116354613072]
	[-0.309172570470838, 1.1771297930919733, 12.929878625327632, 15.277656031226167, 0.8458255281192163, 0.9976634886466381]
	[-0.7692028736607124, 0.9892957075812118, 6.929277165126338, 25.73029943371284, 0.9848033061678524, 0.9938893726137606]
	[-1.0816022412640391, 1.8693388015705683, 1.3099534276918958, 7.954862083497714, 0.9874265968739533, 0.9937053966512562]
	[1.1875064577944632, 1.7374726868686605, 8.29565518387738, 3.195904922568645, 0.9881940925916461, 0.9818733777759512]
	[-1.5018125378314424, 0.4535722835021021, 6.728848787285494, 35.28878605689168, 0.9814548249435188, 0.9958106041002857]
	[-1.483905977875232, -1.1620238575426383, 24.635410707116964, 19.275767394845815, 0.9775779432575881, 0.99416116002916]
	[0.23852438950089372, 2.280794971811709, 4.958481099185152, 141.09445329394066, 0.9310407262823898, 0.9964313679990778]
	[-1.1082118413271125, 0.8853182854160035, 6.070355665854682, 18.727054599248053, 0.9772466505374338, 0.9921943932081942]
	[-0.13034986390789763, 0.948570607283592, 2.2568959420377728, 125.81688801369927, 0.9885992395751567, 0.9990561218051593]
	[-1.031781504338685, -0.9705544245325535, 31.32576364326103, 20.109215927021136, 0.9925290480143591, 0.9902961786953263]
	[-1.4922524251617624, -0.3906011708563446, 4.897154473288505, 7.9552429573460435, 0.9748831456966623, 0.9712724865958653]
	[0.5520513827283491, 1.2993265304710269, 9.335452123040536, 39.9197955050604, 0.9910916019814788, 0.9633850628228872]
	[-1.9399246342780776, 0.4698918848343916, 11.12512168562491, 25.5285986422396, 0.9844754724320433, 0.9909491088622082]
	[-1.0357725366893848, 0.4264974708410817, 8.311797062554048, 9.937837990780944, 0.9475031463965933, 0.9968494341034672]
	[-0.5030061831178569, 1.093960579426513, 21.875499133416803, 33.79058534888543, 0.9761637342103452, 0.9710487086045501]
	[0.32178575180119273, 0.697641666144756, 2.457354381115103, 4.331063674091401, 0.992637994013705, 0.9972559195387158]
	[1.1443760726748742, 3.6175151100518774, 20.842010941334753, 5.284316876115585, 0.9682797145117681, 0.9948771778082415]
	[0.268744903666415, 2.2725874658418155, 4.308496078774523, 32.48226443064307, 0.9869396853159735, 0.9944662988012233]
	[-0.5764829767439884, 2.0795480469597636, 72.57052723878898, 9.179756227412536, 0.9898558730825558, 0.9866201600221819]
	[0.9481317111058798, 0.25645511842053115, 10.070675817403856, 136.03519239186465, 0.9942946414574945, 0.9939853100882122]
	[2.388712976202244, 1.0571271515265455, 1.1066235416692585, 3.000332563464222, 0.9890918200191565, 0.9971480079725532]
	[-0.4193825767312585, 1.8960904043255773, 10.754980100080976, 4.2131737445086666, 0.9686603357863882, 0.9859054344128141]
	[0.35672130927639684, 0.6887785687664015, 6.689466802170084, 2.9630293281270643, 0.9930187189569076, 0.9931644530402389]
	[0.8002474288523972, 1.3289649858118948, 11.378763702267566, 54.65145593865824, 0.9946493862475592, 0.9977566798909614]
	[0.7050323332745849, 0.7570071757651844, 15.876176986454547, 2.6294854293735512, 0.986487853455382, 0.99412614517389]
	[0.009843433767831047, 1.0998508279195292, 1.8825435332292284, 24.339893061957152, 0.9727697025150526, 0.9924617021824811]
	[1.44798617450645, 0.7791039630615549, 13.154337014177882, 30.11988813476436, 0.9256256611290146, 0.9865710762266204]
	[-0.28095369010594956, 1.3420362948869509, 1.2891544139139168, 38.23896729492081, 0.9873807451778683, 0.9965650457470308]
	[-0.11610976891085456, 0.004508444039055037, 6.243009784126318, 7.385506259365684, 0.970216479225274, 0.9778425039341125]
	[-1.822537414082689, 2.1629658475877953, 2.469358032546156, 58.10843041719497, 0.9741827365243493, 0.9841880787171848]
	[3.4594009138515154, 2.069269948826407, 8.15484668006865, 49.689471370557904, 0.9978170744569875, 0.9912160772325751]
	[1.046163848676018, 1.3998962017095093, 13.135534702645202, 11.34771825535582, 0.8931009437581746, 0.9956652950152538]
	[-0.92006850390706, -0.7205695993561094, 2.427343446987734, 15.951629209855872, 0.9952445893017554, 0.9929653207697173]
	[0.1780026083526914, 1.46558890790394, 38.06065345046692, 20.95731558776502, 0.9925659475023062, 0.9919043478218863]
	[-0.3434950065964636, -0.34096170542382165, 12.678903425572218, 73.72269520846561, 0.9786639594554455, 0.9958397403463851]
	[0.2163133082434716, 2.3489510492649264, 6.221460576350107, 12.02317560623306, 0.9940199001213644, 0.9943696750411228]
	[1.3312368010985673, -0.30384946907276555, 18.6603605169951, 33.24667744618356, 0.8840662830558873, 0.9856911561218527]
	[-0.815885349826789, -0.1374043801637148, 4.957556347261396, 14.066045507866203, 0.952832173845046, 0.995475505375079]
	[-0.20883488309683917, -0.6539439770862132, 2.6471979307913456, 7.776984765472951, 0.9959278623650593, 0.9844189017876996]
	[-0.46288971476122487, -0.036634129836151885, 4.7425402856766645, 16.902857918677224, 0.9915315904366332, 0.9904366602567651]
	[-0.052076136183034014, 0.9032411698725296, 6.164133008702539, 6.017017219147572, 0.9813750712886488, 0.998204447912402]
---------------------------------------------------------------
All 200 transformed latent variable vectors (i.e. z):
	[1.4475256461601247, -0.18907209130465197, 1.7164913395402932, 3.16240891105141, 4.796696669780885, 4.936221407112921]
	[-0.06407880589482251, 0.4582730468850732, 2.074301656739388, 2.6971970461678296, 4.388995647770696, 5.6393413628222895]
	[0.47844512318211685, 1.7726919473892426, 0.9253594362072712, 5.129161746978433, 3.699931995255181, 5.963340779304432]
	[-1.1652423735807624, 2.0034719306246087, 1.47220810157779, 3.7391352867122025, 4.197861000392382, 5.099360055437974]
	[-1.0690790453085437, 1.8736373424293864, 1.9843842255283661, 3.3858578695028907, 3.3899667858962705, 4.83590949711674]
	[0.17400733124436174, -0.7920908072415422, 0.6843003788292852, 2.5213285374067644, 3.782774471395179, 4.870612819402943]
	[0.5235795222893251, 1.4302789988094737, 1.3234547358578785, 4.599819350700964, 3.7819252922311617, 4.934759876776862]
	[0.7633584661478292, 0.7097691112715969, 1.45280043623174, 2.163376018754086, 4.988837031688912, 4.9399387230819505]
	[-0.1214633908816456, 3.2775355955990184, 1.0413923904848443, 2.721243963002357, 4.7369462572303185, 5.343452972871638]
	[-0.22500965341114904, 0.9358921100199064, 3.3574144512016355, 4.383715299511132, 2.3258330442671777, 4.8483804089023215]
	[-0.6896613018563453, 0.9355101915031583, 1.3062440975552558, 3.406255830227191, 4.210061614788722, 6.094152631714483]
	[0.3126272916952052, 2.4629702775448505, -0.2478100902666962, 2.588803563473855, 4.845946027383635, 5.03451694412477]
	[0.05633878704525963, 1.5309046653184932, 2.628142739740725, 1.4462808848193947, 5.39872267883328, 3.7466740185489824]
	[0.8736650169803808, 1.090003478382164, 1.5050808620354847, 3.7126035390115315, 4.10224625302815, 5.355810676417817]
	[-0.8750227002172994, -0.5364355156082046, 1.9262234523511017, 3.0524902371395775, 5.219993066244339, 4.266559772279837]
	[0.15941561306727514, 1.1417893677437052, 1.6493961960598655, 3.1930872149348417, 4.277673310314118, 4.299018276206303]
	[2.2621260043601112, 1.8130830995731289, 0.41096101549699626, 2.9310500725589734, 3.419850447768582, 5.653928246763759]
	[-0.615347532588362, 3.446882982802625, 3.2182705334329382, 5.901972894152589, 3.554575895237803, 4.713958259739717]
	[1.6735027202784265, 2.2828189389757894, 2.2613741351541305, 2.529409648486797, 3.7235766385447437, 5.828352482989613]
	[0.5214804303492793, 1.7138194317227433, 0.31204245360034477, 1.67592763141106, 3.849891715349793, 6.380465098652323]
	[-2.211399510963043, -0.765919335368058, 2.9079076455314015, 2.268342972824226, 5.716809672648904, 4.220342440929217]
	[0.24759625535434693, -2.327659809886404, 1.332953152376641, 4.3854493719577325, 4.982583146509276, 6.044252866170508]
	[0.30381792141807407, 0.15116257355414153, 1.823582368986495, 2.402106649042423, 4.732848672941946, 4.4066323532762235]
	[0.5403741165807272, 0.1575252062441821, 1.9048552894132629, 2.3375000968646074, 3.850558900702731, 3.717244360775531]
	[-0.0996438886443036, 1.5172205912722367, 2.5096904674208034, 3.0601722698909133, 3.82186700326528, 4.380296732187866]
	[-0.4252539088362971, 1.0083951607326953, 0.594293487026917, 2.740848392365713, 3.950775571207799, 3.7749627556694474]
	[-0.7532924146636624, 2.0196783885469554, 2.405953236568141, 3.2166738047129235, 4.339343385342685, 4.650931895032467]
	[-0.5556457105404687, -1.0308918853121085, 0.8509419821991542, 2.213799063860954, 7.387879572605147, 5.425269915805816]
	[0.6134655322876033, 2.1983835691234876, 1.3237609791830867, 3.5000599062359634, 5.076688292975717, 5.137871211588679]
	[0.507483013389958, 0.4272102670468265, -0.27277065340902684, 2.423030443347961, 5.548494057615293, 5.614792802384989]
	[-0.7173824623661671, -0.6224545062845688, 2.12534645110574, 3.748371052890506, 3.684554388908756, 6.149584942195515]
	[0.026663243234909928, 0.4668721467993504, 1.800255908561597, 3.6387187149024136, 5.794593063009456, 6.137164491918836]
	[-0.37508267636406667, 2.733488753704032, 2.0077235426398796, 3.5817799213649297, 3.8872359181723466, 4.837977359026101]
	[-0.11991693810006782, 1.2092699916844662, 1.8931468710384511, 2.5126926037208555, 3.6790980280185845, 3.6915298578787548]
	[-0.7450782079341535, 1.991435630570735, 3.197219891047293, 3.994136603217072, 3.137682607021323, 4.887244791663255]
	[-0.03794963754870989, 0.2997552319414507, 1.7614314562444315, 3.3644529762507336, 4.053014002422575, 5.29324821791627]
	[0.45622124426487426, -0.23394791125153946, 2.2693114736997266, 2.0508841767956216, 3.365356179972603, 5.180685374093577]
	[1.1296089276718475, 2.180000896743267, 3.1263101053938738, 3.1131637141746697, 1.9616567588648368, 3.661317664072203]
	[1.9385624666738568, 2.708103761458995, 2.117422397490416, 3.68173117059027, 2.272207453702552, 5.4564392809149105]
	[0.9766583836721348, 1.03109419551186, 3.2528604966613877, 3.211819796345734, 4.71992001863859, 6.131548363990568]
	[0.24922039840348723, 0.8302504990915223, 3.3266414677833227, 2.222799193220147, 5.351980989054236, 5.327675679196158]
	[0.5077473977970569, -0.20059767171142173, 1.5180801132149861, 2.80404146192132, 2.5569008122205945, 4.204371616337246]
	[0.2634409034581128, 1.0141439617174213, 2.508611909775535, 3.9418891145649533, 4.161522811353738, 4.539399118954642]
	[-1.2425644964349227, 1.0873475146464724, 2.5169591326806366, 0.729540530295465, 4.017205247322994, 5.26804675323298]
	[-0.6968129200072557, 0.6843019843707182, 1.6257529832118824, 2.28647803805319, 4.252860558033301, 5.841066304767843]
	[0.5233471890689534, 1.1191685261680253, 4.069945772204539, 3.050226206144349, 2.973343906093339, 5.710164105357399]
	[0.6692257668226537, 2.3319918764818457, 1.8940806742476677, 4.521029607678973, 5.024139011459175, 6.335379916985046]
	[-0.17413336700748383, 1.463933814271074, 1.3784820463777443, 3.478316722675169, 4.371508617397327, 4.132143337932019]
	[-0.3633550534060146, -1.4768732679217478, 2.150564308125641, 2.1286185095876737, 4.620435918930543, 5.384996910588988]
	[0.3154202609803615, 1.3188285493839227, 2.780068161512201, 3.2334143870563725, 2.8980743741998714, 5.504489752093087]
	[-0.8327395017408075, 3.2414414194006382, 1.7908863127293466, 2.488028835735756, 3.840843685488968, 5.404948301296214]
	[0.8648032955395266, 1.5226392727865912, 2.430475700751085, 2.842831688206996, 3.036774209644607, 4.996136315451704]
	[-0.45859785229202543, 1.9187879910831434, 2.6627029357995484, 3.3136450831861732, 4.709548387895829, 4.97259141142236]
	[-0.10150528009709575, 0.604073833832817, 0.12783368175511223, 3.144201275096501, 5.373844849541803, 5.1809208609820265]
	[-0.5132548530162693, 0.462979445855232, 2.295607710532849, 3.0468272239045295, 2.624245327372608, 5.948300290149721]
	[0.47920287933680544, 2.163041973928147, 4.113329699455397, 3.752938125349923, 4.212622617225727, 4.3755859086950615]
	[-0.5540933160927032, -0.5758452657856035, 3.4396033027416166, 2.3736183254580774, 5.51727253554039, 5.50604266877886]
	[0.3389315482613391, -0.019001027936304205, 2.5776658204629963, 0.7075908803202835, 4.690629503799645, 5.794714170201836]
	[0.8642016877375264, 0.43722755145203585, 1.566970769031501, 3.0303306508077035, 4.0261742125755156, 5.469586033411769]
	[0.8843007584172777, 1.8972562301116493, 2.7813114273318478, 2.615335358419963, 4.659153765487919, 5.041063937946066]
	[-0.7087960268799474, 0.6447189422991664, 2.6762536052953116, 3.756454525176152, 3.1861889433194426, 4.690092871735211]
	[-0.5609031243857321, 1.6714302820272926, 2.3307286810437917, 3.2891212936786807, 3.781348471402659, 5.791201351073603]
	[0.39950096340664737, 1.500514871552894, 1.4127084134412584, 4.3012805788275355, 4.417738260398214, 5.415070856962121]
	[0.26027041912669036, 0.0820081981635008, 3.7459051063283457, 0.35356738030187485, 4.737567859320643, 4.870999192129693]
	[0.14001345350272726, 0.9700183659480649, 3.1164307659392803, 4.222818870711078, 3.276000366713208, 3.8200454641843677]
	[-1.2501492923009643, 1.1522340516439833, 1.4824925857173101, 1.973988683709425, 5.001637675745794, 4.014322135582941]
	[1.2713737809769141, 0.46840655177950385, 2.570018910971614, 3.4370921718764023, 4.266444776692378, 6.071448732218688]
	[0.9780894696663265, 0.8830927196732291, 1.7338666777673133, 1.92276428728563, 4.60255322612687, 5.026637584885804]
	[0.3380152813141833, 0.48583661340208417, 0.276810703237627, 2.6693548832166445, 4.101961425286743, 4.7084476319343755]
	[-1.5101189251361617, 1.7189234681167165, 0.45161712777170093, 2.6731084660469797, 3.926363888985711, 5.354744313425568]
	[0.3139485846402973, -0.3564173858263451, 1.396270776352086, 2.324950657247437, 4.363500567331381, 5.6555486823016565]
	[0.29890188043205146, 1.4635202555126252, 3.0666035429330396, 1.4736674506962133, 5.410849822673262, 5.074513528742959]
	[-1.9527904755886594, 0.9708672065410046, 2.8171489646853294, 0.9794637527546226, 4.434599376790272, 5.011902165736196]
	[0.503540560087677, 0.8546714451120665, 3.1888732654797405, 3.1380336867849543, 2.5795049683131186, 4.6432997048209055]
	[1.1336984417384794, 1.439905840366675, 1.815171630526538, 3.7711152003178956, 5.107889956313362, 5.629145897792715]
	[-1.5647552429160558, 0.05879089754145328, 2.033084572662961, 3.332558763845363, 4.103091749776671, 5.038646718726619]
	[1.030124990672423, 0.7594637228719211, 2.558223346180406, 4.093560014239824, 5.502976111810511, 5.303547333435367]
	[0.01887016170976602, 1.6100136707773445, 2.24155504107039, 2.3501616144193758, 4.217723844027563, 3.6423286173401737]
	[1.6432846111834811, 2.461099863672053, 4.091610796660232, 2.76333628593576, 4.866090586734751, 5.342414297932421]
	[-0.4068135918922111, 2.1162976249200893, 3.435814623786123, 3.68877512004539, 5.184051429799125, 6.468239547622228]
	[0.02033953771220054, 0.14214561692232364, 3.43390568255527, 3.0225780468518604, 1.803559467129689, 4.630449660966626]
	[-0.037830767694740974, 0.2986909936566573, 3.545947217162997, 0.7008683981810222, 3.978320723197583, 5.472534233435821]
	[0.34472925961349754, -0.526186188818818, 1.914540789360992, 2.2403223315691, 5.030186400294875, 5.010538065043864]
	[-1.837921386963192, -0.45899783539729233, 1.695624772848133, 2.01691380664458, 2.3260328097937153, 4.643165353117191]
	[-0.5275850042295726, 0.06150557266045498, 1.985046303230318, 2.3437924344051457, 3.64495361273851, 4.737758360011908]
	[1.4146431284959524, 0.40216994133979544, 3.095147134784896, 1.6793654588161868, 4.987946489801543, 4.3860324750329855]
	[0.6103123478734113, 1.1507230340974623, 1.837873225704658, 4.306794367650996, 4.035301494261714, 5.051511537588019]
	[0.6200425315261577, -0.3104513537976106, 1.7549211490112215, 2.042972981390194, 5.405853141295291, 4.820033398274591]
	[0.7064871860868736, 1.4377169727450518, 2.413733773899605, 1.8570551803879098, 2.9982186368309063, 5.34807372233455]
	[0.4209483456360779, 0.7468314027070212, 3.301410468727826, 2.5783060490021645, 2.5341859670529363, 4.993064774558701]
	[1.2149449730496928, 2.321373746788705, 1.145211354976921, 2.7609443330576147, 4.044588455504953, 4.6394379495276095]
	[-2.4484406993740104, 0.6522267391558381, 2.4877032060905018, 4.1090850699869765, 4.549159519900767, 3.95504437648993]
	[0.15768303663906091, 3.8681926777390947, 1.559706651351802, 1.7884187794328232, 4.806799032820218, 6.300680039375711]
	[0.17227043230718517, 1.2574306914397617, 1.7904373911951779, 2.5933730862635134, 3.322491678087818, 3.4632679636466888]
	[-1.592073610926184, 0.4864962259313088, 1.1957067398201553, 1.6924461599565301, 5.211309113164518, 5.4343821978701845]
	[-1.254102237823882, 0.5586992482909795, 2.441973342702482, 2.738475233860108, 4.242984897592548, 5.612525967269574]
	[0.1964418645439867, 1.6705033529566846, -0.7958897803769824, 1.4893692922600712, 5.017832773004289, 3.9485492152478794]
	[0.6846094563462998, 1.7670739926484016, 2.174162463972818, 1.1328313541759034, 3.99483153903629, 5.6626441038670015]
	[0.016399823102311306, 1.7628690019165993, 2.5133925240518598, 2.451239761445658, 4.983564938870398, 5.036577656891351]
	[-0.012151870205909993, 0.6543197980038321, 2.1676086287876135, 4.55353090892877, 4.016699131939516, 4.711974713890743]
	[0.08812583874702651, 0.8280401959136535, 3.2438538778065684, 3.456688082653754, 4.634961986323784, 4.08030723445955]
	[-0.7298602442413188, 0.9121498816605651, 2.6350281715337225, 4.2504312860074185, 4.0167314522889175, 5.009782840515563]
	[-0.9109899330527491, 1.4354888593251713, 0.1772937589965573, 1.084690889935961, 3.2847352498194624, 5.906790205952495]
	[-0.5730235216682815, 2.05676503360489, 2.076331597072789, 2.36418867827998, 5.5170667722184055, 6.437295098725467]
	[-0.4287866978812564, 0.8108419486212208, 2.436874152163025, 1.7567099150884191, 2.447123889125689, 4.370141850273894]
	[0.03865210767743596, 0.5960318297514653, 3.6980658898648175, 4.6362507697455735, 6.063953859848793, 5.139975197344907]
	[-1.0269497539473147, 0.25297335314704006, 3.415878950916566, 2.5284117929040515, 2.366103184081533, 6.77518968099273]
	[1.634237399140608, 2.4165799891129596, 0.3939561264005791, 4.4048065115933115, 4.529144234327519, 4.927132992392534]
	[0.9240458148403499, 1.4123321805477036, 1.4792962171153592, 2.8112455122181594, 3.9504807945288185, 5.0712000842610125]
	[0.26677215671420873, 1.7507466210269613, 1.7747718204247722, 2.9876733286872534, 5.873730469524227, 5.802435669487088]
	[-0.04436393944867828, 1.306227260752462, 3.511369594580416, 2.4498453567360348, 2.4989467615938548, 6.124183480049522]
	[-0.26096637102959747, 0.9207635850472683, 2.8336129862924073, 3.0900569028412574, 2.8624953318440456, 4.614656925051513]
	[0.3865024828521444, 2.3949788321536243, 1.131213131403374, 2.332913741550142, 3.981767726129347, 4.886296068562495]
	[-0.7001537266787993, -0.0025107059150515365, 1.9691640349781356, 1.5889042709940688, 3.8813751013728783, 4.755827945473133]
	[0.5747398366317732, 1.8771388505082789, 1.1883956699366283, 3.9161383933413183, 4.917787071458904, 5.161305960161202]
	[0.8653573566181241, 2.483888478694073, 2.7872891227960634, 3.2518314676324804, 3.9231032100935694, 6.258467185373068]
	[0.6683227618458744, 0.2951427549117087, 0.8766025878710333, 3.0405169822034623, 3.688597725710775, 4.67838478030873]
	[-0.6467824056525568, 2.0991473023154, 1.904142370713048, 2.88411163925268, 3.7874461760706795, 4.776172964072293]
	[-0.4810831709180896, 2.211409391541049, 1.5039919369448151, 3.1604466360879737, 1.0237218386301783, 5.81993079144974]
	[-0.278681097448332, 1.5380692688085738, 1.9603522442902377, 2.511057088252867, 3.0810896503375544, 5.515344666678143]
	[-0.4352496146555058, 0.07666728885278129, 2.581021088196484, 6.0334066605202405, 2.150625733676625, 4.6981358018365285]
	[0.07572271897588545, 1.6170556771688602, 2.8181003211655815, 2.219405252693661, 5.819792642650011, 5.229688333081018]
	[-0.30616990933689925, 4.122425119922697, 2.5159600746606454, 3.0952935249512654, 5.205516934927966, 6.400171188302036]
	[0.7441762920709107, 1.4076500149043145, 2.7056064526765002, 2.8420818484250283, 3.1144126866385955, 4.17298408096295]
	[-0.43948435636290156, 1.3767740686280265, 2.510564522834016, 4.600745692460917, 3.4421828952199847, 4.841251229394066]
	[-0.33562315488416616, 1.6779726704648144, 2.3226869562060313, 4.4113714839431415, 2.4563502149015854, 4.1799300468169385]
	[0.21372139652409117, 0.6118065103219701, 1.5288913401851014, 3.002563982478961, 4.060072778101567, 4.952060656372884]
	[1.60462451370564, 1.4547440093218464, 0.03469720749408056, 2.5712786844597244, 3.006002544320543, 6.015556253994077]
	[0.7714538236406852, 2.1247486281526493, 2.315895739247402, 4.604821983573561, 3.8890184741908733, 3.2013956991668566]
	[1.544225974141178, 2.8227912389733585, 3.901627260930553, 2.0765289519109373, 4.0087543354746815, 5.247023719791625]
	[-0.23680737599624607, 1.2229290779878847, 1.5797257500902355, 3.657114862328217, 4.8787777142171915, 5.161072912103254]
	[-0.1571637796641132, 0.07858257665391521, 2.912119483629759, 1.1411903059771031, 2.580086686362759, 4.316914576639752]
	[-1.353245357761161, 1.5401616271070977, 1.6623625720311281, 1.6138628685546326, 3.0023161527686097, 3.9594899898272686]
	[0.7199305472563139, 1.8918521395878543, 2.852104079989439, 4.459605236476868, 3.171497606279198, 5.263575470690235]
	[-0.1187975562309101, 0.5697436317917669, 2.8249520517612874, 2.1759980832291888, 4.623046692535292, 5.781362497671178]
	[0.2917727493841844, 2.0151887716132157, 1.8197726904580265, 0.8931785742495979, 5.141996649201659, 4.519163323565659]
	[2.3844558690858038, 1.8499895860893711, 2.9449059283855132, 2.8989975868658155, 4.66868787641195, 3.974275537947495]
	[-0.12709067149698497, 1.2578815370913397, 3.576824403732371, 4.349755279446615, 3.1145144495337127, 5.249937123907493]
	[-0.08079672472417421, -0.3582872267940058, 2.379798983435574, 3.110409132207051, 4.342032101221857, 3.8478667219383285]
	[-0.9799286254983409, 0.41831423262871126, 1.65435895207182, 1.6887433420082676, 5.292963241913774, 5.6488647582012605]
	[1.1532808988287546, 2.7977037781822, 1.7711299747487033, 3.8203845032247754, 3.6016067436625723, 5.143056222440228]
	[0.49953211513068985, -0.048975922513203596, 2.714202697061016, 1.5486303439869287, 3.2214199888192456, 5.5133115586029415]
	[0.03201728252451713, 1.2088335605677152, 0.839234770545684, 4.791289500524409, 5.526991315997647, 5.651918739369367]
	[0.004147821875641999, 1.985934025361078, 1.205451021644543, 1.4434793601442253, 3.8988523336758374, 5.292900207290749]
	[1.6990905255339666, 2.028061353401296, 2.3920813065227793, 3.574328666381976, 5.651741704272956, 3.7451065831665913]
	[-0.7261583151159182, 1.7155810054359713, 3.3070919020798994, 2.1187152394439552, 2.661952202086341, 4.720850351244744]
	[-0.30051026005934534, 0.8128852326325677, -0.38797893965397057, 3.168513684643192, 4.484177543930736, 6.188755635707402]
	[-0.22979647757972732, -0.15707501476733343, 1.9949908040872022, 2.4325047538469455, 5.134409565807047, 4.868157699389674]
	[-2.1149693541309076, 1.437156254998759, 0.5769404747347624, 1.1404283880467363, 3.529232604469578, 4.952995635949432]
	[0.9146094832586313, 2.0465135826642697, 1.4895541462667725, 2.5132455223732353, 3.043004133432094, 5.1860016721731546]
	[-0.8274433464221875, 0.7500131128481495, 2.0901335631670577, 2.124732806862162, 3.1201644318489192, 3.6162920345415457]
	[-0.9495618510549858, 1.9357396796716015, 2.8489550510030566, 3.324367702685804, 4.263240847082194, 4.189362079775626]
	[-1.2781135215980692, 0.13797432541822818, 1.3475198560511163, 2.138390132105537, 6.382427596192706, 4.421463309326231]
	[-0.5434480334761892, 1.1837290601548303, 2.341488306412524, 1.9948733986461646, 2.968663544470467, 5.570399391589574]
	[0.34036211570654834, 2.2030658656856144, 3.436895453723733, 2.8178086850543114, 3.9486815258987082, 4.793774300433303]
	[0.6051053745588788, 0.6904837928780462, 2.075562513281234, 2.3111564579133352, 5.489369615614268, 5.20271640114225]
	[0.6710054044480616, 1.5247548067464187, 2.6345362401804966, 3.7580620227325543, 3.3272730091506113, 3.4525247433883557]
	[-0.07721564522589253, -1.4826636315432284, 0.709311212405265, 1.8647788042614983, 4.523182346713117, 4.277382764144082]
	[0.7186586229926689, 1.3371159546164915, 0.41230025908602386, 2.920459133136106, 3.735984296141301, 5.031235271670267]
	[-0.309172570470838, 1.1771297930919733, 2.5595408056807463, 2.7263913708734586, 1.7022282113813167, 6.056757091448273]
	[-0.7692028736607124, 0.9892957075812118, 1.9357555025850741, 3.2476692637585, 4.171364038911504, 5.091596455521296]
	[-1.0816022412640391, 1.8693388015705683, 0.26999158520086275, 2.0737833245555786, 4.3635184417991395, 5.061748126102422]
	[1.1875064577944632, 1.7374726868686605, 2.1157319059213426, 1.1618702785781188, 4.427279094419726, 3.992080658086738]
	[-1.5018125378314424, 0.4535722835021021, 1.906404072157802, 3.563565238027557, 3.9688263356612152, 5.471000536116276]
	[-1.483905977875232, -1.1620238575426383, 3.204184867548328, 2.9588487316190477, 3.7750328756424634, 5.137367184361171]
	[0.23852438950089372, 2.280794971811709, 1.6010994638358604, 4.949429547625005, 2.6027869266217483, 5.631997934889054]
	[-1.1082118413271125, 0.8853182854160035, 1.8034171974000952, 2.9299692483104085, 3.7600267135468357, 4.845076754051542]
	[-0.13034986390789763, 0.948570607283592, 0.8139903922257072, 4.83482758019826, 4.462608974569448, 6.9645691071047136]
	[-1.031781504338685, -0.9705544245325535, 3.44444087856196, 3.0011782138161642, 4.889233847445527, 4.62548431191814]
	[-1.4922524251617624, -0.3906011708563446, 1.5886543166965263, 2.0738312027873596, 3.658778506267162, 3.520751734890624]
	[0.5520513827283491, 1.2993265304710269, 2.2338192089264153, 3.686872328811415, 4.711812534528311, 3.2699969126862998]
	[-1.9399246342780776, 0.4698918848343916, 2.409205766026184, 3.2397993391177673, 4.149687787086875, 4.695799958565274]
	[-1.0357725366893848, 0.4264974708410817, 2.1176758385029717, 2.29634949105298, 2.893077021248316, 5.757017653208475]
	[-0.5030061831178569, 1.093960579426513, 3.0853672495109876, 3.5201822237157057, 3.7124221392158847, 3.5127618195629706]
	[0.32178575180119273, 0.697641666144756, 0.899085316396506, 1.4658131640619376, 4.904033591595413, 5.895561394571027]
	[1.1443760726748742, 3.6175151100518774, 3.0369707065357803, 1.6647433538467926, 3.418564609822136, 5.268913793631425]
	[0.268744903666415, 2.2725874658418155, 1.460588905583431, 3.4806942305555246, 4.325030709651184, 5.191349323948147]
	[-0.5764829767439884, 2.0795480469597636, 4.2845588785080935, 2.217000649531726, 4.580664440591238, 4.3005360276022095]
	[0.9481317111058798, 0.25645511842053115, 2.309627816435253, 4.912913619848735, 5.160627754306013, 5.107517632353792]
	[2.388712976202244, 1.0571271515265455, 0.1013135251298487, 1.098723137012279, 4.507274203845192, 5.856881505153488]
	[-0.4193825767312585, 1.8960904043255773, 2.3753689124233257, 1.4382162222387844, 3.4310294972130717, 4.247771137957233]
	[0.35672130927639684, 0.6887785687664015, 1.9005341702419052, 1.0862121666615998, 4.957517084317184, 4.978759772311308]
	[0.8002474288523972, 1.3289649858118948, 2.431748785034599, 4.000975855414215, 5.225179025018656, 6.097552478820703]
	[0.7050323332745849, 0.7570071757651844, 2.764819682909483, 0.9667881728162984, 4.2905619876567735, 5.131352987403252]
	[0.009843433767831047, 1.0998508279195292, 0.6326238056458975, 3.1921166940393415, 3.5758171345852574, 4.880192021706188]
	[1.44798617450645, 0.7791039630615549, 2.5767515152121905, 3.405185688939549, 2.5213589245765977, 4.296824500440241]
	[-0.28095369010594956, 1.3420362948869509, 0.25398651035406994, 3.643855081932573, 4.359831917110808, 5.67031080405657]
	[-0.11610976891085456, 0.004508444039055037, 1.8314624032938713, 1.9995194660190687, 3.4835639746397606, 3.7871727560662674]
	[-1.822537414082689, 2.1629658475877953, 0.9039582110067479, 4.062310755176619, 3.630555505421375, 4.131052848592882]
	[3.4594009138515154, 2.069269948826407, 2.0986124351689144, 3.905793067009801, 6.124903998042312, 4.726009457838356]
	[1.046163848676018, 1.3998962017095093, 2.575321130542307, 2.4290166889468012, 2.122814623839697, 5.436757598277702]
	[-0.92006850390706, -0.7205695993561094, 0.8867974276465154, 2.7695609688329768, 5.343705461205819, 4.949843646476372]
	[0.1780026083526914, 1.46558890790394, 3.6391810306766597, 3.0424877781479673, 4.894222322513281, 4.808299529636466]
	[-0.3434950065964636, -0.34096170542382165, 2.5399394646363085, 4.3003106922047465, 3.8257906476721124, 5.478008852311921]
	[0.2163133082434716, 2.3489510492649264, 1.8280046985342318, 2.486836087744301, 5.113319956762944, 5.173941884349468]
	[1.3312368010985673, -0.30384946907276555, 2.9264015155431258, 3.5039548356783152, 2.0315134185214365, 4.2324652773309195]
	[-0.815885349826789, -0.1374043801637148, 1.6009129474110424, 2.6437637731902903, 3.0057267742469174, 5.39371463203822]
	[-0.20883488309683917, -0.6539439770862132, 0.9735016959656011, 2.051168700790089, 5.499506748611021, 4.145992993108212]
	[-0.46288971476122487, -0.036634129836151885, 1.556572917398579, 2.827482715245984, 4.762908090597291, 4.640208905268832]
	[-0.052076136183034014, 0.9032411698725296, 1.818747495535012, 1.794591657983758, 3.964453785480168, 6.3206455686158325]
---------------------------------------------------------------

### 2. Heuristic optimizers given only the data: 

Best latent z-variable estimate per individual (completely ignoring shared prior):
Indiv. 0:	[1.7816037114865306, -0.20459069167678648, 1.5887359607736915, 3.1728747651491402, 23.66572654866539, 23.081297664211288]
Indiv. 1:	[-0.17724384605802532, 0.5275217609031435, 2.0980338266617498, 2.7093883720402028, 17.368247570329423, 18.000440224300192]
Indiv. 2:	[0.6532717951468795, 1.7033008593163343, 0.8778292730378323, 5.128560287033614, 29.931674721075495, 25.148711955134853]
Indiv. 3:	[-1.0332531519461772, 2.2280513495099177, 1.4906545707116277, 3.7409506549547227, 17.94279950231096, 22.258648847135177]
Indiv. 4:	[-1.2361099988503028, 1.9589500763481513, 1.982737107497257, 3.379494929434074, 14.465641548347614, 14.497607393431258]
Indiv. 5:	[0.14437783135400278, -1.0228733031470445, 0.6965435072326648, 2.5258084226777338, 21.239417211141486, 20.967587988421354]
Indiv. 6:	[1.094199532339252, 1.5399929060599884, 1.4344267583899386, 4.59735789701276, 1.3593702672108283, 34.53957599234088]
Indiv. 7:	[0.9701934636214967, 0.47117484866084336, 1.3756222662566107, 2.1560588294315184, 15.19958930488448, 20.165208813542534]
Indiv. 8:	[-0.03137103305717196, 3.3581839801521305, 0.9906342934596483, 2.707699981040807, 16.980180691685916, 34.53957599234088]
Indiv. 9:	[-0.1564769754285812, 1.090116473264188, 3.3620099146891986, 4.382605336399858, 14.063666337373188, 27.38272901679793]
Indiv. 10:	[-0.695632801925677, 0.890493862035561, 1.3018785538117252, 3.4019934032176575, 23.04732838241684, 16.028383839778066]
Indiv. 11:	[0.5477545161160716, 2.4884765593930136, -1.1326410422308446, 2.5934542826412685, 23.26956000295708, 18.770014826736922]
Indiv. 12:	[0.3097319860427311, 1.30115763689335, 2.6344617279283393, 1.3914740710488427, 13.367824990400027, 22.093860262594486]
Indiv. 13:	[1.0621619658330177, 1.7009986736277318, 1.5229955091998661, 3.7066016811216382, 1.729934228273142, 17.594045315372256]
Indiv. 14:	[-1.0142665642892756, -0.5792997789562707, 1.9222320721371695, 3.058436715217642, 23.660783278242064, 25.04165214801164]
Indiv. 15:	[0.28130299702247097, 1.4265410923249862, 1.6152956574864465, 3.1817313900935744, 8.940176689627236, 8.754387186639624]
Indiv. 16:	[2.427668739611343, 1.615096175090827, 0.4931758402145645, 2.927582852511683, 17.602804606965698, 21.33255396096346]
Indiv. 17:	[-0.7065579907929088, 3.4363784420725842, 3.2159507789707815, 5.901595758539805, 18.467990608787687, 13.684627982566138]
Indiv. 18:	[1.6547158796951495, 2.2064999137208074, 2.2263921474755355, 2.5108533418639185, 14.358594900211852, 20.641671281039745]
Indiv. 19:	[0.5049695566393595, 1.9733146484005897, 0.17789262787663052, 1.699352504442925, 25.993069164083547, 26.060194728004877]
Indiv. 20:	[-2.2044311517053514, -0.5165295597158908, 2.9102840616914043, 2.2474042966449996, 17.558108794936743, 9.039053547746779]
Indiv. 21:	[0.3704006793369119, -2.3514936424874824, 1.3601225723326298, 4.382623078540412, 15.754035457543905, 19.58260579151853]
Indiv. 22:	[0.3792693072000169, 0.21993147380960598, 1.8249731816295605, 2.4114705606421953, 23.235315670319892, 15.752240353942868]
Indiv. 23:	[0.39390749579463075, 0.3234044409473327, 1.9105005909882602, 2.326008481504553, 7.207120909678576, 23.586866207283837]
Indiv. 24:	[0.44160675270027594, 1.2342392519682828, 2.5343677192735936, 3.0766630802018193, 3.3270898423771196, 0.8638501719892413]
Indiv. 25:	[-0.353229627133272, 0.9595555382469464, 0.5273975808914542, 2.731779960911364, 13.363807075835373, 18.57566449832047]
Indiv. 26:	[-0.6725819969493242, 1.948896211162017, 2.4002032678746463, 3.2191324962255834, 12.223714671381709, 28.723807644362285]
Indiv. 27:	[-0.7157692467453161, -1.1328089810622755, 0.7209559475892358, 2.1959615137886748, 19.359519034878055, 19.40770320864506]
Indiv. 28:	[0.33489049254710973, 2.2312303854723887, 1.3106250871353087, 3.501419710107392, 21.10834750511139, 20.89607059186734]
Indiv. 29:	[0.4245204454211495, 0.19763846562021226, -0.03865944609433315, 2.422561004204874, 19.615907773795595, 19.633147819710242]
Indiv. 30:	[-0.8960696725922089, -0.3856982394482443, 2.154770393800679, 3.7493975373321056, 19.988586508867595, 15.322881403782636]
Indiv. 31:	[-0.11122547080953425, 0.5885105942627104, 1.7498010900445806, 3.6429020371902263, 19.780568280269527, 20.21335676075374]
Indiv. 32:	[-0.301387240358014, 2.6584883328711286, 2.0040892655211335, 3.5860183498262326, 25.717955410666, 26.47183584428148]
Indiv. 33:	[0.048631006374552, 1.0599553551175753, 1.8726552817277937, 2.4943472714826203, 6.378087473307132, 17.545862555641495]
Indiv. 34:	[-0.20015462157612385, 2.361060759482015, 3.204292906704603, 3.9879287047096685, 34.53957599234088, 34.53957599234088]
Indiv. 35:	[-0.09203318907115196, 0.244103712297847, 1.7060126440020849, 3.328711015121196, 34.53957599234088, 2.708011045684455]
Indiv. 36:	[0.29165286054042816, -0.2783383149496715, 2.2443002277083273, 2.0527529815434273, 19.764629642361008, 24.388608125562133]
Indiv. 37:	[1.2577991581519694, 2.327610386674872, 3.128997518662051, 3.1188969690702826, 10.760831308065558, 15.43825851451861]
Indiv. 38:	[2.2031623135870966, 3.160807103494835, 2.0961478034772245, 3.681911530235767, 25.702087015392074, 26.137656355535277]
Indiv. 39:	[1.0317183516211628, 1.0033187906172665, 3.2504462880261205, 3.210792323364705, 17.87882053713784, 12.81042525963088]
Indiv. 40:	[0.31003408621293466, 1.1488260842627176, 3.312526893754593, 2.170661947056229, 1.098244183273176, 17.924594567394177]
Indiv. 41:	[0.30706874716821225, -0.1097241293662817, 1.5266059123646722, 2.8086067392691745, 14.181948688897942, 14.543661818357318]
Indiv. 42:	[0.22740575557148546, 0.9390042160750813, 2.5248972715609455, 3.9432119786734914, 17.93807698818184, 26.27962401185497]
Indiv. 43:	[-1.1712125483104754, 1.0223278809478642, 2.5081673694854087, 0.6611494997470749, 14.27690139297342, 17.935276195857554]
Indiv. 44:	[-0.47693114085864646, 0.8331263827098138, 1.6431413032730635, 2.3342151058919307, 12.856508727771164, 12.373365394058524]
Indiv. 45:	[0.6775711491759212, 2.2754692371283696, 4.06473469021217, 3.0593681756161963, 34.53957599234088, -0.9775285987828618]
Indiv. 46:	[0.9378945987372158, 2.4816571495767583, 1.9012450151346674, 4.523419240241625, 19.858573302239055, 12.712618744914307]
Indiv. 47:	[-0.3669587638877909, 1.5619111032994453, 1.4047620336293658, 3.4733348248810856, 11.891266608885083, 11.991189470135119]
Indiv. 48:	[-0.30382320664246804, -1.1000766997783407, 2.16603862171081, 2.1450505407115847, 23.68154836431569, 18.09384390996367]
Indiv. 49:	[0.31651637586273706, 1.3968445920380017, 2.7626389596357503, 3.2345368160176338, 10.11925289070902, 25.220789313406105]
Indiv. 50:	[-0.754554382993516, 3.0886393783268766, 1.8554686503128306, 2.4932273337106947, 5.380628430698587, 25.054898734371637]
Indiv. 51:	[0.9749971346473535, 1.6618495266853408, 2.453643600406557, 2.836872056869897, 20.611451574584414, 7.910894084023475]
Indiv. 52:	[-0.7178014930830122, 1.9325118395667482, 2.6510682502614378, 3.311298320158947, 1.8615168780347442, 23.771126456722858]
Indiv. 53:	[-0.06849578592280879, 0.7087517181968783, 0.023468751521773915, 3.1433860974583316, 14.833134741428202, 19.647132758956882]
Indiv. 54:	[-0.46732687984786486, 0.3308106293725007, 2.295254065190405, 3.0366584197674946, 14.823488665902394, 17.786361268048132]
Indiv. 55:	[0.47538684117212615, 2.016374268733039, 4.113280091481575, 3.747897219942179, 20.42917694041816, 24.919748037756698]
Indiv. 56:	[-0.679660103354951, -0.80466041982924, 3.442164287930153, 2.335415512620179, 18.283865251938842, 12.16644045454816]
Indiv. 57:	[0.32805633753502433, 0.017568269237853894, 2.574272929791243, 0.7319165598555769, 11.75546218144952, 20.71574783138316]
Indiv. 58:	[1.037794645056555, 0.5269550681799298, 1.5948319163530504, 3.0279394965963213, 23.66008488847177, 16.044466514111154]
Indiv. 59:	[0.8501898912318195, 1.8963171508875816, 2.777388355115478, 2.613938514518762, 16.230314104272807, 16.155817378550452]
Indiv. 60:	[-0.7020658537287477, 0.5938140954966799, 2.682687312400124, 3.7557810537531275, 12.351276700117902, 11.33760391562905]
Indiv. 61:	[-0.6465876722203273, 1.5118904803150115, 2.344867371836485, 3.2788579390847796, 0.4131303730790637, 3.464712357571186]
Indiv. 62:	[0.36967375868757174, 1.6454611503855257, 1.4217700832245541, 4.298784046061692, 13.008829701620256, 18.84248241763171]
Indiv. 63:	[0.31615900707937616, 0.25923580969922466, 3.7517349951854158, 0.2341951018760234, 7.7055685649947865, 14.752993231162637]
Indiv. 64:	[0.04680109550342079, 1.0315326092475279, 3.119622095006632, 4.220161711099369, 14.06733281635273, 14.000605425644398]
Indiv. 65:	[-1.4901178436056302, 1.1704913173190428, 1.4561262491323466, 1.9959198836725207, 22.186047292926908, 22.322505794954424]
Indiv. 66:	[1.1853514656025934, 0.5702721271556087, 2.574978188803274, 3.4359455461802675, 11.712665823819743, 11.35587742387873]
Indiv. 67:	[1.2050691142819625, 0.5728133200857448, 1.7218716337462907, 1.9435680899361059, 20.022379894906706, 8.164806309910992]
Indiv. 68:	[0.25562574070676325, 0.7591631649114892, 0.1765822999626207, 2.6769192826990857, 19.92380325548232, 15.746668859836518]
Indiv. 69:	[-1.8888062743286043, 1.8995010451796819, 0.28623977898006875, 2.6878701219126158, 23.717794959438226, 23.3388662347185]
Indiv. 70:	[0.3416423485336552, -0.14321946394842722, 1.4116529094814063, 2.3310202299212293, 21.078821279392855, 21.007163730459148]
Indiv. 71:	[0.08655402207026759, 1.3312158895225021, 3.0623891510792336, 1.4711434229561462, 20.85909770944435, 14.491802323276834]
Indiv. 72:	[-1.786960031433629, 0.9111310351634117, 2.819266936889261, 0.9335441113367409, 7.327429348466683, 17.911739419445137]
Indiv. 73:	[0.5164580182531636, 0.9801997680750996, 3.1871652192504407, 3.134106079523063, 8.581668541570872, 23.37499841821655]
Indiv. 74:	[1.1443561075844046, 1.3607573880235493, 1.8243046603256836, 3.767412983483216, 14.31413544359739, 13.434585575377898]
Indiv. 75:	[-1.953478986932371, -0.2351941192996277, 2.023178781823928, 3.352502034058606, 34.53957599234088, 34.53957599234088]
Indiv. 76:	[1.0107563679494327, 0.5234103297543428, 2.563002779525458, 4.094257151976945, 27.466112723618068, 27.07032768230373]
Indiv. 77:	[-0.12017283011896812, 1.9095469858673146, 2.2526142682520653, 2.3562946746700373, 11.187618811098822, 23.157811350952215]
Indiv. 78:	[1.7584680285829508, 2.3157333146955947, 4.098817556030382, 2.7609759599135066, 8.756144777053066, 13.326518978373409]
Indiv. 79:	[-0.5547976386219218, 1.9387658515256239, 3.429357587742727, 3.6893211849568734, 27.315736988338667, 15.839318959425169]
Indiv. 80:	[-0.2049136259463336, 0.061770568692718186, 3.4223824751234546, 3.013587543431251, 13.802154726047595, 21.62417283804369]
Indiv. 81:	[0.04595033292267718, 0.07477837158278108, 3.566039813053066, 0.5708642272901179, -0.5177647625335385, 34.53957599234088]
Indiv. 82:	[0.2876410799742907, -0.551621521409025, 1.910865805392378, 2.240517774987913, 16.629493309729437, 19.678342928139894]
Indiv. 83:	[-1.5625125166058926, -0.40535141403370123, 1.6787473134342912, 1.9962538398350207, 19.451925311648466, 10.336167280576701]
Indiv. 84:	[-0.40423984584228734, 0.029637418365202662, 1.9731220777106238, 2.3282928398900435, 1.3664128209087354, 20.657699750908886]
Indiv. 85:	[1.616976183508767, 0.33768754873014617, 3.09516914619126, 1.7040823979350097, 5.362920132817912, 29.763761350878173]
Indiv. 86:	[0.6929281925406114, 1.2626335881859874, 1.8381986658136842, 4.303982272246024, 9.542133823916654, 21.494203260706175]
Indiv. 87:	[0.6212386727428901, -0.5353087846631017, 1.737933039454022, 2.0489933300654286, 13.275647615427129, 15.073987073121652]
Indiv. 88:	[0.5990216151034498, 1.7316472269838383, 2.3939737326603683, 1.8487073507412453, 10.578414480044554, 15.593262931606997]
Indiv. 89:	[0.6173303964870354, 0.06598867227660327, 3.2938330368739805, 2.5893388285304084, 34.53957599234088, 34.53957599234088]
Indiv. 90:	[0.841876596415474, 2.8284328002602077, 0.9188464413032427, 2.756206756441587, -0.44005055121071285, 1.7128039526747803]
Indiv. 91:	[-2.5881470997613674, 1.4799737746483914, 2.5246908983399345, 4.120117046079876, 34.53957599234088, 0.7071940170024217]
Indiv. 92:	[-0.1734931614690854, 3.6192314233373786, 1.494737615999889, 1.74391675395584, 0.048977478226822135, 34.53957599234088]
Indiv. 93:	[0.05728785216736213, 0.9746003464730645, 1.9086910037028888, 2.5857156246148065, 11.975909049438073, 23.17725742266593]
Indiv. 94:	[-1.4868884643106497, 0.5524499517303916, 1.1934181025124453, 1.7040700848616381, 23.323383553756347, 1.7822846840751605]
Indiv. 95:	[-1.252203056027674, 0.8369754615253012, 2.4491697000783095, 2.73757125081089, 23.294376807177063, 11.968305524704492]
Indiv. 96:	[0.18602473741445244, 1.7084953319559641, -13.498929175222958, 1.4604171465432962, 21.619053852351225, 26.273408399218397]
Indiv. 97:	[0.39141913134652007, 1.6490162126712429, 2.1932714457377447, 1.0413259037629077, 1.4100269560986702, 7.976620678626204]
Indiv. 98:	[0.11679623750028263, 1.968435048245618, 2.495579141574595, 2.4460861622009036, 14.469250002148579, 21.305059542251207]
Indiv. 99:	[0.13374785165359887, 0.5407746542504893, 2.150809059851384, 4.555221444434724, 14.096217030740494, 21.803832501019873]
Indiv. 100:	[5.3465068775016e-06, 0.8990038849369091, 3.252123251169943, 3.456038920038899, 21.747117374025944, 17.956407231720096]
Indiv. 101:	[-0.5578102583773372, 0.827512932748677, 2.6290671765437517, 4.249543207357846, 14.969547554203391, 7.028218145975934]
Indiv. 102:	[-0.716380691299205, 1.167979306425762, 0.1879597247298369, 1.0316449378265822, 16.701428915329927, 9.108962745617642]
Indiv. 103:	[-0.22654172270239994, 1.9569541019615768, 2.0339722887712735, 2.338898055638241, 12.223263811980326, 28.909888604582545]
Indiv. 104:	[-0.22967656533337114, 0.7254748752606719, 2.436212474182607, 1.7876197009686148, 17.82416626987766, 11.17330737324744]
Indiv. 105:	[0.08923765183696529, 0.5521219692777397, 3.6937500645839894, 4.637888423717357, 30.29087623664703, 9.237604148133812]
Indiv. 106:	[-0.9054601866152306, 0.19329868133517777, 3.4182341051761966, 2.513060011693656, 13.596749772787026, 22.760163453280914]
Indiv. 107:	[1.6736293175733503, 2.2275496896940434, 0.21732273257105805, 4.4049664137814055, 13.284417372871568, 10.677801879760413]
Indiv. 108:	[1.026212964021344, 1.452956277959493, 1.4615145973893051, 2.7990827023357654, 24.040478730850676, 5.86281816539278]
Indiv. 109:	[0.18465744909053777, 1.7851078564729197, 1.7531950913934087, 2.9926569272125643, 5.064428281129716, 14.067204847211453]
Indiv. 110:	[0.08411656147512299, 1.6845227317671878, 3.513017162670664, 2.4702070083879093, 2.5551362975855967, 23.220124840804562]
Indiv. 111:	[-0.288557571377532, 1.0967813477821315, 2.839369196707688, 3.0909942832037878, 14.155699369706728, 15.013367996889645]
Indiv. 112:	[0.6102093366571022, 2.072610254169744, 1.1579358819799532, 2.33189617276724, 25.956996768556046, 16.82154628674698]
Indiv. 113:	[-0.7771051833166776, 0.3200891420473125, 2.00851686652791, 1.6315714791421267, 34.53957599234088, 34.53957599234088]
Indiv. 114:	[0.8113276485480594, 1.8633149225342347, 1.1853076859657912, 3.9152431056527313, 17.423040672550794, 14.5520541155303]
Indiv. 115:	[0.7163219081877117, 2.168809315524818, 2.7878018886389304, 3.2367068035452036, 18.072735183994844, 0.8375903202973952]
Indiv. 116:	[0.4301144943166111, -0.21960877014173724, 0.8819745940769168, 3.0305841847255928, 18.664432168379467, 20.382581740844678]
Indiv. 117:	[-0.9395132296641172, 2.1182455563310167, 1.926230145449337, 2.873389914483372, 27.872816206101806, 20.782664167478153]
Indiv. 118:	[-0.6199212424448083, 2.3858703676371418, 1.5271899286450474, 3.1613353062389162, -3.7036524365609114, 8.931360009564479]
Indiv. 119:	[-0.4376319123248467, 1.7902762092232367, 1.9575115447501228, 2.4966151259221623, 14.120693156377628, 13.46139298199991]
Indiv. 120:	[-1.0628868560124558, -0.4676145888815343, 2.5535831793776844, 6.03280661251, 0.05767029848768708, 34.53957599234088]
Indiv. 121:	[0.42344208973481867, 1.742444371566012, 2.811461340631765, 2.20125009412168, 6.288151342102902, 10.323450322687394]
Indiv. 122:	[-0.40094437690803986, 4.042364790680758, 2.536045540795533, 3.0972149228757653, 0.4036466005072724, -0.2740034598569859]
Indiv. 123:	[0.6465997122318061, 1.3876643942916982, 2.695640074820676, 2.8477120602686954, 17.745266701673543, 26.220042277761355]
Indiv. 124:	[-0.5975447604339647, 1.2734186538613548, 2.5049320806926514, 4.600258899674394, 11.826585918786876, 24.595487084836492]
Indiv. 125:	[-0.19626607363286203, 1.5581968774628414, 2.3193108473770505, 4.410811656097911, 11.04653459171981, 18.884871134274317]
Indiv. 126:	[0.057102551203801255, 0.6868670255641207, 1.6426907937896025, 3.015397592564353, 0.9971254627429477, 1.8823742312535474]
Indiv. 127:	[1.6146311879035675, 1.5612497357451078, 0.0904595545440826, 2.5759200910599653, 1.4350953326526945, 22.0068631230266]
Indiv. 128:	[0.836194174574634, 2.2354945244919255, 2.3141337949094267, 4.605011173128057, 23.37917805036711, 19.305999411278485]
Indiv. 129:	[1.285316218268526, 2.99711474929919, 3.9032471305507235, 2.080592356574776, 23.23132325229442, 5.235206740064318]
Indiv. 130:	[-0.33377494746072256, 0.9962288664584436, 1.6087111676389128, 3.6540479352823643, 28.809467928903526, 2.7710499457273503]
Indiv. 131:	[-0.703354979026292, -0.3267350097744965, 2.9316279938994545, 1.0998826969957547, 17.291064281431577, 17.88639472720866]
Indiv. 132:	[-1.6685468391783937, 1.623062928158274, 1.627268662549904, 1.601004921032579, 13.086318950065362, 6.528030959137329]
Indiv. 133:	[0.6792742939181046, 2.1200506333817324, 2.8581710836383243, 4.462401096343361, 11.654833882432044, 24.843373663136617]
Indiv. 134:	[-0.13474939692211746, 0.7164946998065715, 2.8163754598243145, 2.171574669854904, 6.177614147446536, 8.424768345384463]
Indiv. 135:	[0.10358945966924471, 1.968842162808643, 1.8087272066894733, 0.9699943835430938, 14.552203065546081, 23.979185192532036]
Indiv. 136:	[2.374846622098163, 2.2008591976545806, 2.9384587678333833, 2.8944407158448837, 12.202583645892382, 11.697416738335795]
Indiv. 137:	[-0.22991464998263694, 1.4126132858327793, 3.5772654310877336, 4.348000892335318, 6.566482543392157, 20.093336423708255]
Indiv. 138:	[-0.2685971876713777, -0.6170151472294106, 2.390368587687291, 3.106916316086996, 2.3757996586376424, 22.654112910158727]
Indiv. 139:	[-0.9012023005871086, 0.6316432646999799, 1.6139192719130013, 1.7179821100796848, 26.56979343481459, 17.23169338066509]
Indiv. 140:	[1.1612597047719733, 3.053900331750423, 1.755227615866033, 3.8155736045877373, 34.53957599234088, 18.111919923216057]
Indiv. 141:	[0.4365338481585197, -0.019994380229474806, 2.7072954507817744, 1.5399246940463742, 9.01403394491797, 4.99431240729421]
Indiv. 142:	[0.13931652167176592, 1.3897181442666393, 0.8508069350410769, 4.78999737341905, 20.476920980999402, 21.115966300692445]
Indiv. 143:	[-0.10947035702831298, 2.135609124423082, 1.2520467542872136, 1.5148078516621655, 20.324147855179312, 15.444313434343886]
Indiv. 144:	[0.8044258416199408, 1.5532753309989098, 2.4108951446487286, 3.58415500830666, 34.53957599234088, 2.8482551612215015]
Indiv. 145:	[-0.7558613573474824, 1.6149552978724313, 3.3153375504916247, 2.105245939497537, 10.949887087050422, 14.453569317239698]
Indiv. 146:	[-0.5557872564006158, 0.5592798403205631, -0.09596346675229592, 3.1673254811416642, 21.27180640335253, 21.454650825730717]
Indiv. 147:	[0.20745884375609006, -0.5017626928979112, 1.9898566807450209, 2.4204212940941354, 11.855158014057865, 23.485018897507075]
Indiv. 148:	[-2.0566658833484457, 1.5196578621186758, 0.5895938821652573, 1.174746387081973, 12.104485776274622, 28.584989420332263]
Indiv. 149:	[0.9074295380382813, 2.1982706794659572, 1.455603555846751, 2.5172863329367106, 23.439218692233325, 16.033818782725156]
Indiv. 150:	[-0.9755765888599648, 0.9761375252636875, 2.0584179227568833, 2.1386849600278968, 13.94370926962377, 1.523294754957733]
Indiv. 151:	[-1.111899957564779, 1.9628817450347542, 2.8558004594564204, 3.324307337181441, 23.40564869198055, 17.19789339099268]
Indiv. 152:	[-0.9556785067063823, -0.05993803819839105, 1.3814512024116423, 2.1412023711037036, 17.494234766511347, 25.7959400412432]
Indiv. 153:	[-0.575965927598308, 0.8739128165399241, 2.336213837588538, 2.010339624924559, 34.53957599234088, 18.369809070128834]
Indiv. 154:	[0.3312483626266523, 2.537984203409889, 3.4360251997922266, 2.8107850776223575, 17.07518773964294, 18.19341641454902]
Indiv. 155:	[0.8509041509660914, 0.5069841571704923, 2.0607894827450526, 2.315117954221727, 34.53957599234088, 4.185637292539859]
Indiv. 156:	[1.0029060374100924, 1.327851156895002, 2.634306061866511, 3.761032969137357, 17.6335754160875, 17.777559054347392]
Indiv. 157:	[0.08490225444888116, -1.5164993197595589, 0.7539913817266508, 1.8434350695292754, 21.0773412267988, 1.1906174988948623]
Indiv. 158:	[0.7892055158962918, 1.1833117546343466, 0.4769150946691554, 2.925716925914802, 17.76693233645076, 23.63167043769724]
Indiv. 159:	[-0.4656510526911628, 1.0111385747500536, 2.5429081953860955, 2.707940767944983, 34.53957599234088, 13.130024696246444]
Indiv. 160:	[-0.42781848794770927, 0.8059612805830347, 1.8776851027851156, 3.2499139351959587, 1.8178603093384293, 34.53957599234088]
Indiv. 161:	[-1.0237907474428352, 1.9403249925494124, 0.08319969843138701, 2.0472650140485924, 17.415836108740496, 17.995957846705586]
Indiv. 162:	[1.574544198184378, 1.6952767565462614, 2.1317830691727915, 1.1363987010351742, 20.74177428359215, 21.099440899157933]
Indiv. 163:	[-1.5638241139038889, 0.4415495889979616, 1.8937756182428738, 3.5619618009195815, 9.453828036895363, 9.067694524711756]
Indiv. 164:	[-1.6230839648017228, -1.1027301504587905, 3.1965888727550897, 2.953980777581587, 10.148736859632919, 25.741294387552813]
Indiv. 165:	[0.2827104716918865, 1.9912454661004322, 1.597438957696787, 4.94952686391313, 21.036359813533295, 20.82919543453577]
Indiv. 166:	[-1.1835533169503778, 0.9722060549746823, 1.8220806550196924, 2.9171169155133274, 23.32337830069395, 11.63840763795134]
Indiv. 167:	[-0.26130433323285895, 1.1736470615177272, 0.7700816454461489, 4.835901045397634, 12.887202478216807, 26.303035275036937]
Indiv. 168:	[-1.0003580953833247, -0.3716803276184775, 3.4624113055036942, 2.994063682437145, 34.53957599234088, 34.53957599234088]
Indiv. 169:	[-1.2318532100539572, -0.39618863732939896, 1.6519383222551964, 2.1037966505312764, 23.531697301306224, 22.567706101651364]
Indiv. 170:	[0.48923153786045376, 1.2998556401674823, 2.228461876481551, 3.686177948227147, 29.61481197087927, 16.23159289018541]
Indiv. 171:	[-1.813512201773758, 0.18495525743022542, 2.3888588749185247, 3.2522455338866343, 23.274570360708577, 12.720590356753979]
Indiv. 172:	[-0.887599060793789, 0.2474585812906676, 2.153063619097279, 2.2791452437981827, 1.8754997836034, 34.53957599234088]
Indiv. 173:	[-0.6149196951585784, 0.9857092328473339, 3.0919673789495934, 3.5226095429066566, 20.120508618968035, 15.50705318013515]
Indiv. 174:	[0.11780991747799019, 0.4308853360423324, 1.1018209646220212, 1.5375989995750048, 34.53957599234088, 34.53957599234088]
Indiv. 175:	[1.2046505489921675, 3.4545728307015264, 3.0444766055003742, 1.6768249535105895, 27.58401468364547, 23.487483306558897]
Indiv. 176:	[0.4242178179551234, 1.868490906844728, 1.4311826328959176, 3.478995147287235, 17.34881620069364, 1.2908035154747288]
Indiv. 177:	[-0.5767592414841259, 2.22170536248466, 4.2841430528157955, 2.2099421922950793, 10.806882562707914, 8.444717582070139]
Indiv. 178:	[1.0519646043159845, 0.2685438620153929, 2.287631594517517, 4.913483289728345, 23.71215912554175, 12.521245684688333]
Indiv. 179:	[2.7027224475128904, 0.8675709286016132, 0.08511957013517148, 1.0497236340840124, 20.75784268918812, 25.147559416476117]
Indiv. 180:	[-0.46587145977913574, 1.9299718619024624, 2.4011703993880027, 1.4290465259578524, 22.388707118669885, 13.810530809097145]
Indiv. 181:	[0.35188746973587803, 0.7881498947095079, 1.8742242070057382, 1.0902545315756913, 17.604353654275517, 18.11116205576382]
Indiv. 182:	[0.8083203487907215, 1.303676935022789, 2.4271099909643095, 4.0003331882942055, 12.609202376143003, 2.146869917504497]
Indiv. 183:	[0.8963046850071394, 0.7294639316050752, 2.7650456046152407, 1.0790804368731923, 17.861799553905158, 13.989444954543945]
Indiv. 184:	[0.22475128728852664, 0.7911663151727787, 0.6554111489518964, 3.1945279231456674, 15.505004538777147, 15.19684977233028]
Indiv. 185:	[1.3734564193106182, 0.6685928775326452, 2.569361217345049, 3.397091230944834, 1.8650724153155653, 34.53957599234088]
Indiv. 186:	[-0.009712725307335104, 1.4018717785342563, 0.2846650996366239, 3.639335583151007, 20.39939576064994, 15.133200469419057]
Indiv. 187:	[0.05307765508018561, 0.21724877359682293, 1.8397348081257374, 1.94891565028565, 0.39351881397645855, 4.078762906577044]
Indiv. 188:	[-1.6030749218890636, 2.022717461876606, 0.8455499541166708, 4.062347764825127, 15.53232679696405, 16.041822531097655]
Indiv. 189:	[3.556932968458353, 2.0752706839857473, 2.0942026273978103, 3.906716476365299, 15.690156830496859, 12.182409903722167]
Indiv. 190:	[1.0616175199000202, 1.2064647085061047, 2.5598000963437393, 2.4273647034816443, 20.249208592934274, 25.150202213875104]
Indiv. 191:	[-0.8774313464939162, -0.7429714432070834, 0.8758865625663796, 2.7667809406359867, 10.537475212094453, 14.714866527263908]
Indiv. 192:	[0.3229087233504135, 1.4933190583743023, 3.6422227797181264, 3.0383843204175767, 21.59556846039866, 17.58359214155983]
Indiv. 193:	[-0.4638986416302393, 0.000799091414140668, 2.5060175270863256, 4.298808080192728, 0.7262877043742985, 17.71473900104034]
Indiv. 194:	[0.36166245416990755, 2.211234885959031, 1.8345411153515696, 2.4920993953014836, 13.68868659804372, 18.031337197319722]
Indiv. 195:	[1.2376721590175142, -0.3149332198070418, 2.919386248758405, 3.498869656239415, 27.946224937119023, 28.421831198787338]
Indiv. 196:	[-0.8607525171729105, -0.16655413829913815, 1.6073400322991862, 2.639937959954465, 7.255020677445833, 28.13864326486051]
Indiv. 197:	[0.3102709299556036, -0.7047249505966504, 1.0433953222696242, 2.028673236105691, 34.53957599234088, 18.79949363814093]
Indiv. 198:	[-0.5347132649068843, -0.0040575790047436, 1.5280648301242634, 2.8145288841925096, 26.445484899712575, 10.036130136964248]
Indiv. 199:	[-0.062023999396662526, 0.7004774867226872, 1.8291909937561346, 1.7618049642576545, 16.302895024860366, 19.736148669243224]

Best hyperparameter-mean estimate (completely ignoring that there are different individuals):
	[0.09012213491941855, 1.1023455614970317, 1.926528015144771, 2.845899752063443, 16.792043987012082, 17.680758637948635]

Mean of individuals optimal z:
	[0.04500988588470595, 1.0831497709727802, 1.9757783839935712, 2.8625564809761164, 16.61482821625011, 17.742523092979546]

'Sample' covariance, using the individuals' data means as samples:
	[
	 [0.8956534819686478, 0.22357366745497356, -0.014193196929401065, 0.06912771359978517, -0.11337635453794341, 0.027265094058859067],
	 [0.22357366745497356, 1.1167905153421316, 9.200102635214799e-05, 0.16149445431857729, -0.5759133527026414, -0.7202043765543381],
	 [-0.014193196929401065, 9.200102635214799e-05, 2.121066597978698, 0.14853675307456282, -0.9890661525893703, -0.97210364946713],
	 [0.06912771359978517, 0.16149445431857729, 0.14853675307456282, 1.067739467333851, 0.45669526689941153, 0.09507897829358562],
	 [-0.11337635453794341, -0.5759133527026414, -0.9890661525893703, 0.45669526689941153, 80.1968525905277, -0.5933559883114092],
	 [0.027265094058859067, -0.7202043765543381, -0.97210364946713, 0.09507897829358562, -0.5933559883114092, 69.93709540194624],
	]
---------------------------------------------------------------
### 3. Log-probabilities of the original data (any optimizer should do at least as well): 

Total log-probability: -9395.713

Individual log-probability:
	Indiv. 0: 	 -19.75
	Indiv. 1: 	 -49.07
	Indiv. 2: 	 -36.64
	Indiv. 3: 	 -38.33
	Indiv. 4: 	 -26.20
	Indiv. 5: 	 -29.50
	Indiv. 6: 	 -10.69
	Indiv. 7: 	 -33.83
	Indiv. 8: 	 -35.20
	Indiv. 9: 	 -30.18
	Indiv. 10: 	 -43.88
	Indiv. 11: 	 -31.10
	Indiv. 12: 	 -44.19
	Indiv. 13: 	 -13.60
	Indiv. 14: 	 -17.59
	Indiv. 15: 	 -21.90
	Indiv. 16: 	 -45.34
	Indiv. 17: 	 -45.46
	Indiv. 18: 	 -28.33
	Indiv. 19: 	 -41.32
	Indiv. 20: 	 -25.54
	Indiv. 21: 	 -50.66
	Indiv. 22: 	 -39.67
	Indiv. 23: 	 -30.83
	Indiv. 24: 	 -9.44
	Indiv. 25: 	 -29.33
	Indiv. 26: 	 -30.08
	Indiv. 27: 	 -52.93
	Indiv. 28: 	 -46.20
	Indiv. 29: 	 -44.39
	Indiv. 30: 	 -36.59
	Indiv. 31: 	 -40.68
	Indiv. 32: 	 -39.09
	Indiv. 33: 	 -33.25
	Indiv. 34: 	 -11.46
	Indiv. 35: 	 -10.52
	Indiv. 36: 	 -35.87
	Indiv. 37: 	 -39.12
	Indiv. 38: 	 -26.89
	Indiv. 39: 	 -29.94
	Indiv. 40: 	 -14.84
	Indiv. 41: 	 -47.97
	Indiv. 42: 	 -19.96
	Indiv. 43: 	 -47.57
	Indiv. 44: 	 -17.78
	Indiv. 45: 	 -14.05
	Indiv. 46: 	 -44.34
	Indiv. 47: 	 -41.47
	Indiv. 48: 	 -34.75
	Indiv. 49: 	 -36.15
	Indiv. 50: 	 -41.18
	Indiv. 51: 	 -27.32
	Indiv. 52: 	 -17.17
	Indiv. 53: 	 -34.25
	Indiv. 54: 	 -46.66
	Indiv. 55: 	 -36.12
	Indiv. 56: 	 -32.71
	Indiv. 57: 	 -44.84
	Indiv. 58: 	 -40.00
	Indiv. 59: 	 -40.07
	Indiv. 60: 	 -41.41
	Indiv. 61: 	 -9.49
	Indiv. 62: 	 -29.20
	Indiv. 63: 	 -31.05
	Indiv. 64: 	 -37.51
	Indiv. 65: 	 -37.82
	Indiv. 66: 	 -31.92
	Indiv. 67: 	 -45.35
	Indiv. 68: 	 -34.21
	Indiv. 69: 	 -20.08
	Indiv. 70: 	 -50.57
	Indiv. 71: 	 -48.26
	Indiv. 72: 	 -47.85
	Indiv. 73: 	 -41.73
	Indiv. 74: 	 -25.25
	Indiv. 75: 	 -11.19
	Indiv. 76: 	 -43.38
	Indiv. 77: 	 -20.67
	Indiv. 78: 	 -42.62
	Indiv. 79: 	 -48.82
	Indiv. 80: 	 -30.17
	Indiv. 81: 	 -13.75
	Indiv. 82: 	 -32.89
	Indiv. 83: 	 -37.53
	Indiv. 84: 	 -24.98
	Indiv. 85: 	 -36.25
	Indiv. 86: 	 -40.94
	Indiv. 87: 	 -41.27
	Indiv. 88: 	 -32.46
	Indiv. 89: 	 -17.51
	Indiv. 90: 	 -11.19
	Indiv. 91: 	 -14.89
	Indiv. 92: 	 -19.76
	Indiv. 93: 	 -20.01
	Indiv. 94: 	 -22.21
	Indiv. 95: 	 -30.42
	Indiv. 96: 	 -42.98
	Indiv. 97: 	 -26.92
	Indiv. 98: 	 -26.19
	Indiv. 99: 	 -34.47
	Indiv. 100: 	 -45.51
	Indiv. 101: 	 -27.49
	Indiv. 102: 	 -28.37
	Indiv. 103: 	 -35.79
	Indiv. 104: 	 -46.49
	Indiv. 105: 	 -43.60
	Indiv. 106: 	 -47.33
	Indiv. 107: 	 -39.62
	Indiv. 108: 	 -27.67
	Indiv. 109: 	 -47.71
	Indiv. 110: 	 -21.58
	Indiv. 111: 	 -46.34
	Indiv. 112: 	 -24.25
	Indiv. 113: 	 -13.54
	Indiv. 114: 	 -45.83
	Indiv. 115: 	 -15.05
	Indiv. 116: 	 -14.96
	Indiv. 117: 	 -25.27
	Indiv. 118: 	 -47.03
	Indiv. 119: 	 -34.79
	Indiv. 120: 	 -16.20
	Indiv. 121: 	 -35.38
	Indiv. 122: 	 -16.93
	Indiv. 123: 	 -38.60
	Indiv. 124: 	 -17.01
	Indiv. 125: 	 -44.68
	Indiv. 126: 	 -13.53
	Indiv. 127: 	 -22.07
	Indiv. 128: 	 -44.73
	Indiv. 129: 	 -43.87
	Indiv. 130: 	 -28.49
	Indiv. 131: 	 -27.24
	Indiv. 132: 	 -34.29
	Indiv. 133: 	 -35.96
	Indiv. 134: 	 -28.00
	Indiv. 135: 	 -48.05
	Indiv. 136: 	 -21.39
	Indiv. 137: 	 -34.39
	Indiv. 138: 	 -21.27
	Indiv. 139: 	 -27.48
	Indiv. 140: 	 -14.60
	Indiv. 141: 	 -41.65
	Indiv. 142: 	 -35.58
	Indiv. 143: 	 -35.71
	Indiv. 144: 	 -14.25
	Indiv. 145: 	 -49.96
	Indiv. 146: 	 -29.13
	Indiv. 147: 	 -20.51
	Indiv. 148: 	 -34.55
	Indiv. 149: 	 -40.97
	Indiv. 150: 	 -28.02
	Indiv. 151: 	 -30.08
	Indiv. 152: 	 -27.87
	Indiv. 153: 	 -14.17
	Indiv. 154: 	 -22.03
	Indiv. 155: 	 -14.11
	Indiv. 156: 	 -30.51
	Indiv. 157: 	 -32.42
	Indiv. 158: 	 -30.18
	Indiv. 159: 	 -21.29
	Indiv. 160: 	 -13.81
	Indiv. 161: 	 -45.11
	Indiv. 162: 	 -29.61
	Indiv. 163: 	 -37.86
	Indiv. 164: 	 -22.64
	Indiv. 165: 	 -26.92
	Indiv. 166: 	 -42.59
	Indiv. 167: 	 -44.15
	Indiv. 168: 	 -17.20
	Indiv. 169: 	 -34.00
	Indiv. 170: 	 -34.37
	Indiv. 171: 	 -18.19
	Indiv. 172: 	 -10.17
	Indiv. 173: 	 -34.33
	Indiv. 174: 	 -11.70
	Indiv. 175: 	 -48.78
	Indiv. 176: 	 -15.60
	Indiv. 177: 	 -23.12
	Indiv. 178: 	 -29.81
	Indiv. 179: 	 -38.95
	Indiv. 180: 	 -26.88
	Indiv. 181: 	 -45.06
	Indiv. 182: 	 -17.28
	Indiv. 183: 	 -50.98
	Indiv. 184: 	 -33.89
	Indiv. 185: 	 -11.24
	Indiv. 186: 	 -34.31
	Indiv. 187: 	 -10.96
	Indiv. 188: 	 -45.55
	Indiv. 189: 	 -47.94
	Indiv. 190: 	 -33.87
	Indiv. 191: 	 -49.53
	Indiv. 192: 	 -48.17
	Indiv. 193: 	 -15.03
	Indiv. 194: 	 -40.28
	Indiv. 195: 	 -48.28
	Indiv. 196: 	 -25.26
	Indiv. 197: 	 -16.09
	Indiv. 198: 	 -22.04
	Indiv. 199: 	 -44.59

Individual log-llh:
	Indiv. 0: 	 -11.91
	Indiv. 1: 	 -43.26
	Indiv. 2: 	 -27.35
	Indiv. 3: 	 -31.18
	Indiv. 4: 	 -19.51
	Indiv. 5: 	 -21.53
	Indiv. 6: 	 -3.83
	Indiv. 7: 	 -27.29
	Indiv. 8: 	 -26.33
	Indiv. 9: 	 -21.72
	Indiv. 10: 	 -36.96
	Indiv. 11: 	 -21.92
	Indiv. 12: 	 -34.96
	Indiv. 13: 	 -7.57
	Indiv. 14: 	 -9.86
	Indiv. 15: 	 -16.13
	Indiv. 16: 	 -35.75
	Indiv. 17: 	 -31.39
	Indiv. 18: 	 -20.53
	Indiv. 19: 	 -31.65
	Indiv. 20: 	 -14.41
	Indiv. 21: 	 -36.61
	Indiv. 22: 	 -33.22
	Indiv. 23: 	 -23.16
	Indiv. 24: 	 -3.61
	Indiv. 25: 	 -21.57
	Indiv. 26: 	 -23.60
	Indiv. 27: 	 -38.84
	Indiv. 28: 	 -39.34
	Indiv. 29: 	 -34.54
	Indiv. 30: 	 -28.43
	Indiv. 31: 	 -32.26
	Indiv. 32: 	 -31.90
	Indiv. 33: 	 -26.19
	Indiv. 34: 	 -3.71
	Indiv. 35: 	 -4.95
	Indiv. 36: 	 -28.94
	Indiv. 37: 	 -28.41
	Indiv. 38: 	 -17.13
	Indiv. 39: 	 -21.96
	Indiv. 40: 	 -7.44
	Indiv. 41: 	 -39.95
	Indiv. 42: 	 -13.99
	Indiv. 43: 	 -38.80
	Indiv. 44: 	 -11.33
	Indiv. 45: 	 -5.61
	Indiv. 46: 	 -34.78
	Indiv. 47: 	 -35.05
	Indiv. 48: 	 -25.78
	Indiv. 49: 	 -29.74
	Indiv. 50: 	 -32.17
	Indiv. 51: 	 -21.19
	Indiv. 52: 	 -10.84
	Indiv. 53: 	 -26.29
	Indiv. 54: 	 -39.42
	Indiv. 55: 	 -27.36
	Indiv. 56: 	 -23.68
	Indiv. 57: 	 -35.33
	Indiv. 58: 	 -33.85
	Indiv. 59: 	 -33.70
	Indiv. 60: 	 -35.07
	Indiv. 61: 	 -3.10
	Indiv. 62: 	 -22.62
	Indiv. 63: 	 -20.05
	Indiv. 64: 	 -29.33
	Indiv. 65: 	 -29.65
	Indiv. 66: 	 -24.15
	Indiv. 67: 	 -38.87
	Indiv. 68: 	 -27.20
	Indiv. 69: 	 -11.79
	Indiv. 70: 	 -43.38
	Indiv. 71: 	 -40.27
	Indiv. 72: 	 -38.23
	Indiv. 73: 	 -34.58
	Indiv. 74: 	 -18.13
	Indiv. 75: 	 -4.61
	Indiv. 76: 	 -35.60
	Indiv. 77: 	 -13.23
	Indiv. 78: 	 -32.84
	Indiv. 79: 	 -38.69
	Indiv. 80: 	 -21.06
	Indiv. 81: 	 -4.30
	Indiv. 82: 	 -25.49
	Indiv. 83: 	 -28.12
	Indiv. 84: 	 -19.01
	Indiv. 85: 	 -27.30
	Indiv. 86: 	 -34.75
	Indiv. 87: 	 -33.29
	Indiv. 88: 	 -25.67
	Indiv. 89: 	 -10.21
	Indiv. 90: 	 -4.24
	Indiv. 91: 	 -4.75
	Indiv. 92: 	 -7.49
	Indiv. 93: 	 -12.14
	Indiv. 94: 	 -13.70
	Indiv. 95: 	 -23.95
	Indiv. 96: 	 -30.95
	Indiv. 97: 	 -19.16
	Indiv. 98: 	 -19.98
	Indiv. 99: 	 -27.97
	Indiv. 100: 	 -38.43
	Indiv. 101: 	 -21.10
	Indiv. 102: 	 -18.02
	Indiv. 103: 	 -26.30
	Indiv. 104: 	 -38.79
	Indiv. 105: 	 -33.44
	Indiv. 106: 	 -35.94
	Indiv. 107: 	 -30.19
	Indiv. 108: 	 -21.93
	Indiv. 109: 	 -39.87
	Indiv. 110: 	 -12.71
	Indiv. 111: 	 -40.03
	Indiv. 112: 	 -17.52
	Indiv. 113: 	 -6.73
	Indiv. 114: 	 -39.05
	Indiv. 115: 	 -6.76
	Indiv. 116: 	 -8.41
	Indiv. 117: 	 -19.00
	Indiv. 118: 	 -35.59
	Indiv. 119: 	 -28.61
	Indiv. 120: 	 -4.05
	Indiv. 121: 	 -27.70
	Indiv. 122: 	 -3.46
	Indiv. 123: 	 -31.82
	Indiv. 124: 	 -10.06
	Indiv. 125: 	 -36.26
	Indiv. 126: 	 -8.15
	Indiv. 127: 	 -12.10
	Indiv. 128: 	 -34.26
	Indiv. 129: 	 -34.15
	Indiv. 130: 	 -22.57
	Indiv. 131: 	 -18.06
	Indiv. 132: 	 -25.23
	Indiv. 133: 	 -28.46
	Indiv. 134: 	 -21.29
	Indiv. 135: 	 -39.28
	Indiv. 136: 	 -11.65
	Indiv. 137: 	 -26.59
	Indiv. 138: 	 -13.71
	Indiv. 139: 	 -19.63
	Indiv. 140: 	 -7.12
	Indiv. 141: 	 -33.78
	Indiv. 142: 	 -26.56
	Indiv. 143: 	 -28.44
	Indiv. 144: 	 -4.30
	Indiv. 145: 	 -41.92
	Indiv. 146: 	 -19.55
	Indiv. 147: 	 -13.88
	Indiv. 148: 	 -23.83
	Indiv. 149: 	 -34.32
	Indiv. 150: 	 -19.85
	Indiv. 151: 	 -22.66
	Indiv. 152: 	 -18.00
	Indiv. 153: 	 -7.41
	Indiv. 154: 	 -15.08
	Indiv. 155: 	 -7.29
	Indiv. 156: 	 -21.97
	Indiv. 157: 	 -21.91
	Indiv. 158: 	 -23.48
	Indiv. 159: 	 -12.12
	Indiv. 160: 	 -8.30
	Indiv. 161: 	 -36.70
	Indiv. 162: 	 -20.86
	Indiv. 163: 	 -31.20
	Indiv. 164: 	 -13.92
	Indiv. 165: 	 -17.61
	Indiv. 166: 	 -36.76
	Indiv. 167: 	 -32.65
	Indiv. 168: 	 -8.39
	Indiv. 169: 	 -24.44
	Indiv. 170: 	 -25.56
	Indiv. 171: 	 -10.96
	Indiv. 172: 	 -3.00
	Indiv. 173: 	 -26.07
	Indiv. 174: 	 -3.44
	Indiv. 175: 	 -38.42
	Indiv. 176: 	 -9.30
	Indiv. 177: 	 -13.45
	Indiv. 178: 	 -21.15
	Indiv. 179: 	 -26.33
	Indiv. 180: 	 -19.10
	Indiv. 181: 	 -37.48
	Indiv. 182: 	 -9.26
	Indiv. 183: 	 -43.08
	Indiv. 184: 	 -27.69
	Indiv. 185: 	 -3.04
	Indiv. 186: 	 -26.80
	Indiv. 187: 	 -3.20
	Indiv. 188: 	 -35.37
	Indiv. 189: 	 -34.05
	Indiv. 190: 	 -25.89
	Indiv. 191: 	 -41.24
	Indiv. 192: 	 -41.15
	Indiv. 193: 	 -7.77
	Indiv. 194: 	 -33.44
	Indiv. 195: 	 -37.75
	Indiv. 196: 	 -18.53
	Indiv. 197: 	 -6.73
	Indiv. 198: 	 -15.81
	Indiv. 199: 	 -36.96

Individual log-prior:
	Indiv. 0: 	 -7.84
	Indiv. 1: 	 -5.82
	Indiv. 2: 	 -9.29
	Indiv. 3: 	 -7.15
	Indiv. 4: 	 -6.69
	Indiv. 5: 	 -7.97
	Indiv. 6: 	 -6.86
	Indiv. 7: 	 -6.54
	Indiv. 8: 	 -8.87
	Indiv. 9: 	 -8.46
	Indiv. 10: 	 -6.92
	Indiv. 11: 	 -9.18
	Indiv. 12: 	 -9.23
	Indiv. 13: 	 -6.03
	Indiv. 14: 	 -7.73
	Indiv. 15: 	 -5.76
	Indiv. 16: 	 -9.59
	Indiv. 17: 	 -14.07
	Indiv. 18: 	 -7.80
	Indiv. 19: 	 -9.67
	Indiv. 20: 	 -11.13
	Indiv. 21: 	 -14.05
	Indiv. 22: 	 -6.45
	Indiv. 23: 	 -7.67
	Indiv. 24: 	 -5.83
	Indiv. 25: 	 -7.76
	Indiv. 26: 	 -6.48
	Indiv. 27: 	 -14.09
	Indiv. 28: 	 -6.86
	Indiv. 29: 	 -9.85
	Indiv. 30: 	 -8.16
	Indiv. 31: 	 -8.42
	Indiv. 32: 	 -7.19
	Indiv. 33: 	 -7.06
	Indiv. 34: 	 -7.75
	Indiv. 35: 	 -5.57
	Indiv. 36: 	 -6.93
	Indiv. 37: 	 -10.71
	Indiv. 38: 	 -9.75
	Indiv. 39: 	 -7.98
	Indiv. 40: 	 -7.40
	Indiv. 41: 	 -8.01
	Indiv. 42: 	 -5.97
	Indiv. 43: 	 -8.77
	Indiv. 44: 	 -6.45
	Indiv. 45: 	 -8.45
	Indiv. 46: 	 -9.55
	Indiv. 47: 	 -6.42
	Indiv. 48: 	 -8.97
	Indiv. 49: 	 -6.41
	Indiv. 50: 	 -9.01
	Indiv. 51: 	 -6.13
	Indiv. 52: 	 -6.33
	Indiv. 53: 	 -7.95
	Indiv. 54: 	 -7.25
	Indiv. 55: 	 -8.76
	Indiv. 56: 	 -9.03
	Indiv. 57: 	 -9.51
	Indiv. 58: 	 -6.15
	Indiv. 59: 	 -6.37
	Indiv. 60: 	 -6.34
	Indiv. 61: 	 -6.39
	Indiv. 62: 	 -6.58
	Indiv. 63: 	 -11.00
	Indiv. 64: 	 -8.17
	Indiv. 65: 	 -8.16
	Indiv. 66: 	 -7.77
	Indiv. 67: 	 -6.48
	Indiv. 68: 	 -7.01
	Indiv. 69: 	 -8.30
	Indiv. 70: 	 -7.19
	Indiv. 71: 	 -7.99
	Indiv. 72: 	 -9.62
	Indiv. 73: 	 -7.15
	Indiv. 74: 	 -7.11
	Indiv. 75: 	 -6.58
	Indiv. 76: 	 -7.77
	Indiv. 77: 	 -7.44
	Indiv. 78: 	 -9.78
	Indiv. 79: 	 -10.13
	Indiv. 80: 	 -9.11
	Indiv. 81: 	 -9.45
	Indiv. 82: 	 -7.40
	Indiv. 83: 	 -9.41
	Indiv. 84: 	 -5.97
	Indiv. 85: 	 -8.95
	Indiv. 86: 	 -6.19
	Indiv. 87: 	 -7.98
	Indiv. 88: 	 -6.78
	Indiv. 89: 	 -7.30
	Indiv. 90: 	 -6.95
	Indiv. 91: 	 -10.15
	Indiv. 92: 	 -12.26
	Indiv. 93: 	 -7.87
	Indiv. 94: 	 -8.51
	Indiv. 95: 	 -6.47
	Indiv. 96: 	 -12.03
	Indiv. 97: 	 -7.76
	Indiv. 98: 	 -6.21
	Indiv. 99: 	 -6.50
	Indiv. 100: 	 -7.08
	Indiv. 101: 	 -6.39
	Indiv. 102: 	 -10.36
	Indiv. 103: 	 -9.49
	Indiv. 104: 	 -7.70
	Indiv. 105: 	 -10.16
	Indiv. 106: 	 -11.39
	Indiv. 107: 	 -9.43
	Indiv. 108: 	 -5.74
	Indiv. 109: 	 -7.84
	Indiv. 110: 	 -8.87
	Indiv. 111: 	 -6.32
	Indiv. 112: 	 -6.72
	Indiv. 113: 	 -6.81
	Indiv. 114: 	 -6.78
	Indiv. 115: 	 -8.29
	Indiv. 116: 	 -6.55
	Indiv. 117: 	 -6.28
	Indiv. 118: 	 -11.43
	Indiv. 119: 	 -6.18
	Indiv. 120: 	 -12.15
	Indiv. 121: 	 -7.68
	Indiv. 122: 	 -13.46
	Indiv. 123: 	 -6.78
	Indiv. 124: 	 -6.95
	Indiv. 125: 	 -8.41
	Indiv. 126: 	 -5.38
	Indiv. 127: 	 -9.97
	Indiv. 128: 	 -10.47
	Indiv. 129: 	 -9.72
	Indiv. 130: 	 -5.92
	Indiv. 131: 	 -9.18
	Indiv. 132: 	 -9.06
	Indiv. 133: 	 -7.51
	Indiv. 134: 	 -6.71
	Indiv. 135: 	 -8.77
	Indiv. 136: 	 -9.74
	Indiv. 137: 	 -7.80
	Indiv. 138: 	 -7.56
	Indiv. 139: 	 -7.85
	Indiv. 140: 	 -7.48
	Indiv. 141: 	 -7.87
	Indiv. 142: 	 -9.03
	Indiv. 143: 	 -7.27
	Indiv. 144: 	 -9.95
	Indiv. 145: 	 -8.04
	Indiv. 146: 	 -9.58
	Indiv. 147: 	 -6.63
	Indiv. 148: 	 -10.72
	Indiv. 149: 	 -6.65
	Indiv. 150: 	 -8.17
	Indiv. 151: 	 -7.42
	Indiv. 152: 	 -9.87
	Indiv. 153: 	 -6.76
	Indiv. 154: 	 -6.95
	Indiv. 155: 	 -6.82
	Indiv. 156: 	 -8.54
	Indiv. 157: 	 -10.51
	Indiv. 158: 	 -6.71
	Indiv. 159: 	 -9.17
	Indiv. 160: 	 -5.50
	Indiv. 161: 	 -8.41
	Indiv. 162: 	 -8.75
	Indiv. 163: 	 -6.66
	Indiv. 164: 	 -8.72
	Indiv. 165: 	 -9.31
	Indiv. 166: 	 -5.84
	Indiv. 167: 	 -11.50
	Indiv. 168: 	 -8.81
	Indiv. 169: 	 -9.56
	Indiv. 170: 	 -8.81
	Indiv. 171: 	 -7.23
	Indiv. 172: 	 -7.16
	Indiv. 173: 	 -8.26
	Indiv. 174: 	 -8.26
	Indiv. 175: 	 -10.36
	Indiv. 176: 	 -6.30
	Indiv. 177: 	 -9.67
	Indiv. 178: 	 -8.66
	Indiv. 179: 	 -12.62
	Indiv. 180: 	 -7.77
	Indiv. 181: 	 -7.58
	Indiv. 182: 	 -8.01
	Indiv. 183: 	 -7.90
	Indiv. 184: 	 -6.20
	Indiv. 185: 	 -8.20
	Indiv. 186: 	 -7.51
	Indiv. 187: 	 -7.76
	Indiv. 188: 	 -10.18
	Indiv. 189: 	 -13.89
	Indiv. 190: 	 -7.97
	Indiv. 191: 	 -8.29
	Indiv. 192: 	 -7.03
	Indiv. 193: 	 -7.27
	Indiv. 194: 	 -6.85
	Indiv. 195: 	 -10.53
	Indiv. 196: 	 -6.72
	Indiv. 197: 	 -9.36
	Indiv. 198: 	 -6.23
	Indiv. 199: 	 -7.63
